250;	250;	550;	0.5;
350;	250;	550;	0.5;
450;	250;	550;	0.5;
250;	350;	550;	0.5;
350;	350;	550;	0.5;
450;	350;	550;	0.5;
250;	450;	550;	0.5;
350;	450;	550;	0.5;
450;	450;	550;	0.5;
250;	250;	650;	0.5;
350;	250;	650;	0.5;
450;	250;	650;	0.5;
250;	350;	650;	0.5;
350;	350;	650;	0.5;
450;	350;	650;	0.5;
250;	450;	650;	0.5;
350;	450;	650;	0.5;
450;	450;	650;	0.5;
250;	250;	750;	0.5;
350;	250;	750;	0.5;
450;	250;	750;	0.5;
250;	350;	750;	0.5;
350;	350;	750;	0.5;
450;	350;	750;	0.5;
250;	450;	750;	0.5;
350;	450;	750;	0.5;
450;	450;	750;	0.5;