  0.0000000e+000  7.4008223e-002
  1.0000000e+001  7.5528253e-002
  2.0000000e+001  7.7084217e-002
  3.0000000e+001  7.8676536e-002
  4.0000000e+001  8.0305563e-002
  5.0000000e+001  8.1971571e-002
  6.0000000e+001  8.3674742e-002
  7.0000000e+001  8.5415152e-002
  8.0000000e+001  8.7192751e-002
  9.0000000e+001  8.9007353e-002
  1.0000000e+002  9.0858607e-002
  1.1000000e+002  9.2745981e-002
  1.2000000e+002  9.4668734e-002
  1.3000000e+002  9.6625888e-002
  1.4000000e+002  9.8616198e-002
  1.5000000e+002  1.0063812e-001
  1.6000000e+002  1.0268976e-001
  1.7000000e+002  1.0476885e-001
  1.8000000e+002  1.0687271e-001
  1.9000000e+002  1.0899814e-001
  2.0000000e+002  1.1114144e-001
  2.1000000e+002  1.1329829e-001
  2.2000000e+002  1.1546371e-001
  2.3000000e+002  1.1763199e-001
  2.4000000e+002  1.1979659e-001
  2.5000000e+002  1.2195006e-001
  2.6000000e+002  1.2408394e-001
  2.7000000e+002  1.2618869e-001
  2.8000000e+002  1.2825354e-001
  2.9000000e+002  1.3026641e-001
  3.0000000e+002  1.3221379e-001
  3.1000000e+002  1.3408061e-001
  3.2000000e+002  1.3585013e-001
  3.3000000e+002  1.3750383e-001
  3.4000000e+002  1.3902131e-001
  3.5000000e+002  1.4038023e-001
  3.6000000e+002  1.4155620e-001
  3.7000000e+002  1.4252282e-001
  3.8000000e+002  1.4325171e-001
  3.9000000e+002  1.4371261e-001
  4.0000000e+002  1.4387357e-001
  4.1000000e+002  1.4370133e-001
  4.2000000e+002  1.4316170e-001
  4.3000000e+002  1.4222023e-001
  4.4000000e+002  1.4084293e-001
  4.5000000e+002  1.3899726e-001
  4.6000000e+002  1.3665315e-001
  4.7000000e+002  1.3378419e-001
  4.8000000e+002  1.3036886e-001
  4.9000000e+002  1.2639161e-001
  5.0000000e+002  1.2184390e-001
  5.1000000e+002  1.1672488e-001
  5.2000000e+002  1.1104170e-001
  5.3000000e+002  1.0480948e-001
  5.4000000e+002  9.8050829e-002
  5.5000000e+002  9.0795014e-002
  5.6000000e+002  8.3076876e-002
  5.7000000e+002  7.4935663e-002
  5.8000000e+002  6.6413883e-002
  5.9000000e+002  5.7556298e-002
  6.0000000e+002  4.8409156e-002
  6.1000000e+002  3.9019645e-002
  6.2000000e+002  2.9435574e-002
  6.3000000e+002  1.9705189e-002
  6.4000000e+002  9.8770616e-003
  6.5000000e+002  1.0408341e-017
  6.6000000e+002 -9.8770616e-003
  6.7000000e+002 -1.9705189e-002
  6.8000000e+002 -2.9435574e-002
  6.9000000e+002 -3.9019645e-002
  7.0000000e+002 -4.8409156e-002
  7.1000000e+002 -5.7556298e-002
  7.2000000e+002 -6.6413883e-002
  7.3000000e+002 -7.4935663e-002
  7.4000000e+002 -8.3076876e-002
  7.5000000e+002 -9.0795014e-002
  7.6000000e+002 -9.8050829e-002
  7.7000000e+002 -1.0480948e-001
  7.8000000e+002 -1.1104170e-001
  7.9000000e+002 -1.1672488e-001
  8.0000000e+002 -1.2184390e-001
  8.1000000e+002 -1.2639161e-001
  8.2000000e+002 -1.3036886e-001
  8.3000000e+002 -1.3378419e-001
  8.4000000e+002 -1.3665315e-001
  8.5000000e+002 -1.3899726e-001
  8.6000000e+002 -1.4084293e-001
  8.7000000e+002 -1.4222023e-001
  8.8000000e+002 -1.4316170e-001
  8.9000000e+002 -1.4370133e-001
  9.0000000e+002 -1.4387357e-001
  9.1000000e+002 -1.4371261e-001
  9.2000000e+002 -1.4325171e-001
  9.3000000e+002 -1.4252282e-001
  9.4000000e+002 -1.4155620e-001
  9.5000000e+002 -1.4038023e-001
  9.6000000e+002 -1.3902131e-001
  9.7000000e+002 -1.3750383e-001
  9.8000000e+002 -1.3585013e-001
  9.9000000e+002 -1.3408061e-001
  1.0000000e+003 -1.3221379e-001
