  0.0000000e+000  7.4008223e-002
  2.0000000e+001  7.7084217e-002
  4.0000000e+001  8.0305563e-002
  6.0000000e+001  8.3674742e-002
  8.0000000e+001  8.7192751e-002
  1.0000000e+002  9.0858607e-002
  1.2000000e+002  9.4668734e-002
  1.4000000e+002  9.8616198e-002
  1.6000000e+002  1.0268976e-001
  1.8000000e+002  1.0687271e-001
  2.0000000e+002  1.1114144e-001
  2.2000000e+002  1.1546371e-001
  2.4000000e+002  1.1979659e-001
  2.6000000e+002  1.2408394e-001
  2.8000000e+002  1.2825354e-001
  3.0000000e+002  1.3221379e-001
  3.2000000e+002  1.3585013e-001
  3.4000000e+002  1.3902131e-001
  3.6000000e+002  1.4155620e-001
  3.8000000e+002  1.4325171e-001
  4.0000000e+002  1.4387357e-001
  4.2000000e+002  1.4316170e-001
  4.4000000e+002  1.4084293e-001
  4.6000000e+002  1.3665315e-001
  4.8000000e+002  1.3036886e-001
  5.0000000e+002  1.2184390e-001
  5.2000000e+002  1.1104170e-001
  5.4000000e+002  9.8050829e-002
  5.6000000e+002  8.3076876e-002
  5.8000000e+002  6.6413883e-002
  6.0000000e+002  4.8409156e-002
  6.2000000e+002  2.9435574e-002
  6.4000000e+002  9.8770616e-003
  6.6000000e+002 -9.8770616e-003
  6.8000000e+002 -2.9435574e-002
  7.0000000e+002 -4.8409156e-002
  7.2000000e+002 -6.6413883e-002
  7.4000000e+002 -8.3076876e-002
  7.6000000e+002 -9.8050829e-002
  7.8000000e+002 -1.1104170e-001
  8.0000000e+002 -1.2184390e-001
  8.2000000e+002 -1.3036886e-001
  8.4000000e+002 -1.3665315e-001
  8.6000000e+002 -1.4084293e-001
  8.8000000e+002 -1.4316170e-001
  9.0000000e+002 -1.4387357e-001
  9.2000000e+002 -1.4325171e-001
  9.4000000e+002 -1.4155620e-001
  9.6000000e+002 -1.3902131e-001
  9.8000000e+002 -1.3585013e-001
  1.0000000e+003 -1.3221379e-001
  1.0200000e+003 -1.2825354e-001
  1.0400000e+003 -1.2408394e-001
  1.0600000e+003 -1.1979659e-001
  1.0800000e+003 -1.1546371e-001
  1.1000000e+003 -1.1114144e-001
  1.1200000e+003 -1.0687271e-001
  1.1400000e+003 -1.0268976e-001
  1.1600000e+003 -9.8616198e-002
  1.1800000e+003 -9.4668734e-002
  1.2000000e+003 -9.0858607e-002
  1.2200000e+003 -8.7192751e-002
  1.2400000e+003 -8.3674742e-002
  1.2600000e+003 -8.0305563e-002
  1.2800000e+003 -7.7084217e-002
  1.3000000e+003 -7.4008223e-002
