1350	2366.626963	2.34669995	0.14790728	1	0.94602411	0.05397589
1350.5	2371.375371	2.31710004	0.15785722	1	0.90868514	0.09131486
1351	2241.849075	2.2709999	0.14243708	1	0.96464961	0.03535039
1351.5	2220.239271	2.26040005	0.14140276	1	0.97043353	0.02956647
1352	2334.117226	2.27250003	0.16826306	1	0.86963534	0.13036466
1352.5	2358.674956	2.2973001	0.16355684	1	0.88729625	0.11270375
1353	2424.034242	2.31159996	0.17383022	1	0.84874355	0.15125645
1353.5	2318.902378	2.31739997	0.14276936	1	0.96139681	0.03860319
1354	2281.578785	2.32150006	0.13352401	1	1	0
1354.5	2286.762166	2.31929993	0.13392601	1	0.99827796	0.00172204
1355	2300.299218	2.2960999	0.1483231	1	0.94446367	0.05553633
1355.5	2351.619738	2.27049994	0.17393968	1	0.84833276	0.15166724
1356	2421.42492	2.28539991	0.18499325	1	0.80685228	0.19314772
1356.5	2393.336367	2.33170008	0.15802231	1	0.90806567	0.09193433
1357	2335.913245	2.3420999	0.15975099	1	0.90157842	0.09842158
1357.5	2272.842616	2.2887001	0.14889362	1	0.94232267	0.05767733
1358	2200.194563	2.16070008	0.18052443	1	0.82362228	0.17637772
1358.5	2281.455791	2.02090001	0.26768875	0.70504814	0.49652218	0.50347782
1359	2349.145658	1.92200005	0.33105611	0.64539921	0.2587246	0.7412754
1359.5	2342.577378	1.97379994	0.30582869	0.81303042	0.3533951	0.6466049
1360	2438.362956	2.13709998	0.25646594	0.91980433	0.53863787	0.46136213
1360.5	2407.174175	2.29320001	0.19087752	1	0.78477042	0.21522958
1361	2365.533947	2.32870006	0.17899158	1	0.82937455	0.17062545
1361.5	2382.005617	2.29710006	0.18373347	1	0.81157976	0.18842024
1362	2259.161774	2.26979994	0.17776203	1	0.83398872	0.16601128
1362.5	2344.038445	2.29410004	0.17453543	1	0.84609711	0.15390289
1363	2549.006575	2.32640004	0.19684869	0.84803056	0.76236253	0.23763747
1363.5	2721.030062	2.3420999	0.20572179	0.72866511	0.65359419	0.34640581
1364	2928.820495	2.32220005	0.20246462	0.77195793	0.47521421	0.52478579
1364.5	2948.04925	2.30130004	0.19910761	0.82146358	0.42733749	0.57266251
1365	2905.704678	2.30299997	0.19734929	0.80435311	0.45747235	0.54252765
1365.5	2883.474646	2.33999991	0.18233045	0.80530816	0.51060914	0.48939086
1366	2892.982484	2.39389991	0.15972307	0.84363859	0.55675643	0.44324357
1366.5	2895.626378	2.43199992	0.15089315	0.83892565	0.61740809	0.38259191
1367	2953.536939	2.44709992	0.14912769	0.84364449	0.66126549	0.33873451
1367.5	2963.455662	2.444	0.15384446	0.85219728	0.64672327	0.35327673
1368	2965.73346	2.45210003	0.14347392	0.89853614	0.66184425	0.33815575
1368.5	2942.789337	2.47289991	0.13079656	0.94694334	0.70301967	0.29698033
1369	2754.260811	2.46970009	0.14845874	0.94119298	0.74192035	0.25807965
1369.5	2591.794905	2.45589995	0.18847434	0.90075331	0.72798651	0.27201349
1370	2507.504848	2.42190003	0.1952079	0.91819375	0.76851987	0.23148013
1370.5	2446.347655	2.40899991	0.19797053	0.90240359	0.7581526	0.2418474
1371	2590.31039	2.39960002	0.1732358	0.93500214	0.8509742	0.1490258
1371.5	2719.1973	2.41420006	0.17581349	0.9122411	0.77703857	0.22296143
1372	2618.219302	2.41459989	0.15451005	1	0.8253383	0.1746617
1372.5	2593.034028	2.40400004	0.17128841	1	0.8582822	0.1417178
1373	2608.606325	2.38660001	0.18257476	0.96712112	0.81592804	0.18407196
1373.5	2444.885734	2.39289999	0.15211337	1	0.93023997	0.06976003
1374	2421.267152	2.39350008	0.15971526	1	0.90171253	0.09828747
1374.5	2385.088539	2.39140009	0.14989916	1	0.93854922	0.06145078
1375	2338.438328	2.38969993	0.15105001	1	0.93423044	0.06576956
1375.5	2457.265944	2.40339994	0.15740767	1	0.91037219	0.08962781
1376	2607.129188	2.41059994	0.1709236	1	0.8578633	0.1421367
1376.5	2580.472627	2.41330003	0.16046939	1	0.8676902	0.1323098
1377	2464.521921	2.40619993	0.16408938	1	0.86228686	0.13771314
1377.5	2507.170772	2.40700006	0.15430194	1	0.92202705	0.07797295
1378	2596.597185	2.42330002	0.15856307	1	0.88764005	0.11235995
1378.5	2701.155459	2.45169997	0.13626459	1	0.85066568	0.14933432
1379	2824.850981	2.47589993	0.1174074	0.99733543	0.78719466	0.21280534
1379.5	2910.054595	2.46659994	0.1252288	0.95998245	0.72827368	0.27172632
1380	2935.098416	2.42580008	0.14600154	0.886478	0.64737045	0.35262955
1380.5	2854.031406	2.35879993	0.17054766	0.83933562	0.58663076	0.41336924
1381	2744.894898	2.26609992	0.20608837	0.74423432	0.50546568	0.49453432
1381.5	2648.327658	2.17449998	0.24364465	0.63655978	0.3894793	0.6105207
1382	2609.06629	2.11080002	0.26894205	0.54652452	0.30141022	0.69858978
1382.5	2630.118875	2.09489989	0.27377375	0.52753865	0.25239813	0.74760187
1383	2644.006352	2.10409998	0.26994886	0.52083194	0.26729562	0.73270438
1383.5	2653.159554	2.10080003	0.27065443	0.49426549	0.25001078	0.74998922
1384	2660.593693	2.06669998	0.28315299	0.44013831	0.19028463	0.80971537
1384.5	2632.117533	2.03069996	0.297008	0.39684712	0.11645787	0.88354213
1385	2635.565541	2.00859999	0.30546823	0.38862356	0.09108203	0.90891797
1385.5	2593.128955	2.01950001	0.30326431	0.39552092	0.14021581	0.85978419
1386	2548.844448	2.04439997	0.29623588	0.39539986	0.22537894	0.77462106
1386.5	2501.803732	2.06019997	0.29258564	0.38622754	0.28366553	0.71633447
1387	2499.62276	2.05850005	0.29910463	0.39673113	0.24656893	0.75343107
1387.5	2518.731454	2.05369997	0.2960624	0.40820816	0.24472586	0.75527414
1388	2490.039454	2.0539999	0.29323664	0.41171663	0.19774878	0.80225122
1388.5	2488.403025	2.03259992	0.30030786	0.38438981	0.12163898	0.87836102
1389	2471.766895	1.9979	0.31424459	0.33843839	0.08333103	0.91666897
1389.5	2469.822104	1.9706	0.32554477	0.29447486	0.0799137	0.9200863
1390	2486.121581	1.9598	0.32863673	0.2807514	0.04283666	0.95716334
1390.5	2564.426116	1.95130002	0.32899543	0.29095542	0.00355619	0.99644381
1391	2592.185071	1.94410002	0.32977625	0.31800946	0	1
1391.5	2621.829506	1.94879996	0.32988795	0.31359425	0.0597549	0.9402451
1392	2572.071589	1.95169997	0.33216422	0.2904919	0.10579226	0.89420774
1392.5	2567.353093	1.94930005	0.33665817	0.27931571	0.10549602	0.89450398
1393	2504.856838	1.9519	0.33382099	0.2921518	0.13326986	0.86673014
1393.5	2474.204691	1.96430003	0.32935079	0.30577433	0.1274966	0.8725034
1394	2471.02344	1.97940003	0.32339295	0.32690683	0.13898698	0.86101302
1394.5	2482.48302	1.99220001	0.31843784	0.35724034	0.1676166	0.8323834
1395	2501.719604	1.99549996	0.31740707	0.38895559	0.20076835	0.79923165
1395.5	2481.500629	1.98909997	0.32089772	0.40534165	0.20807886	0.79192114
1396	2422.040588	1.94630002	0.33891317	0.38518553	0.22923956	0.77076044
1396.5	2286.365887	1.87999999	0.33297452	0.5338425	0.25152534	0.74847466
1397	2178.43758	1.85179996	0.31390535	0.80141866	0.32308599	0.67691401
1397.5	2086.515046	1.92019999	0.25320023	1	0.55089306	0.44910694
1398	2079.682886	2.00090003	0.2143542	1	0.69666987	0.30333013
1398.5	2116.671165	2.04159998	0.2082566	0.98160231	0.71955221	0.28044779
1399	2139.291216	2.06669998	0.20412026	0.9410277	0.73507463	0.26492537
1399.5	2216.649795	2.15980005	0.18586923	1	0.80356496	0.19643504
1400	2339.876145	2.28559994	0.15075618	1	0.93513667	0.06486333
1400.5	2337.771128	2.35430002	0.15492866	1	0.91948187	0.08051813
1401	2360.455987	2.36109995	0.1479922	1	0.94550675	0.05449325
1401.5	2311.958035	2.31450009	0.19155326	1	0.78207027	0.21792973
1402	2170.244472	2.24909996	0.18834118	1	0.79412168	0.20587832
1402.5	2272.281583	2.23489999	0.1853795	1	0.80523353	0.19476647
1403	2479.615131	2.3032	0.16470745	1	0.88279294	0.11720706
1403.5	2590.299317	2.41720008	0.16985791	0.94973462	0.86346894	0.13653106
1404	2693.871755	2.4755001	0.15253651	1	0.83337181	0.16662819
1404.5	2551.231755	2.45009994	0.16975632	1	0.85699862	0.14300138
1405	2381.737512	2.3887999	0.15900725	1	0.90417951	0.09582049
1405.5	2346.725596	2.32979989	0.15972076	1	0.90150249	0.09849751
1406	2350.395604	2.33529996	0.16269926	1	0.89032745	0.10967255
1406.5	2491.588518	2.3749001	0.17165802	1	0.85671514	0.14328486
1407	2629.957681	2.44829988	0.17822855	0.9255017	0.83206319	0.16793681
1407.5	2817.221576	2.48370003	0.1598632	0.90747606	0.7986769	0.2013231
1408	2682.999349	2.48559999	0.1517315	1	0.76645362	0.23354638
1408.5	2447.365227	2.43029999	0.19050957	0.99431842	0.78598606	0.21401394
1409	2255.345363	2.32209992	0.18340036	1	0.81265908	0.18734092
1409.5	2163.157964	2.19919991	0.18698267	0.92120832	0.79921865	0.20078135
1410	2179.598019	2.10220003	0.19195188	0.87857538	0.78057467	0.21942533
1410.5	2276.730208	2.11849999	0.19589649	0.9040994	0.76577496	0.23422504
1411	2382.320239	2.20379996	0.18433338	1	0.8091585	0.1908415
1411.5	2419.675582	2.2973001	0.17876468	1	0.83005166	0.16994834
1412	2468.06012	2.32859992	0.1783007	1	0.83179247	0.16820753
1412.5	2484.952058	2.32349991	0.1777198	1	0.83397197	0.16602803
1413	2385.975387	2.31509995	0.1807685	1	0.82253354	0.17746646
1413.5	2285.595969	2.30920004	0.17726013	1	0.83569663	0.16430337
1414	2250.413059	2.31340003	0.18421317	1	0.80960953	0.19039047
1414.5	2318.533629	2.33920001	0.16970001	1	0.86406141	0.13593859
1415	2546.557364	2.39159989	0.17883786	0.96528273	0.82977712	0.17022288
1415.5	2770.09564	2.43630003	0.15578578	0.92111879	0.84070765	0.15929235
1416	2897.228187	2.4447	0.14560875	0.94410526	0.68325877	0.31674123
1416.5	2844.389975	2.3814001	0.178744	0.97407835	0.47687599	0.52312401
1417	2768.445175	2.28949999	0.22663547	1	0.18434894	0.81565106
1417.5	2739.868867	2.2413001	0.25193825	0.97937858	0.03435979	0.96564021
1418	2742.499217	2.30100011	0.22080372	0.98017394	0.22743678	0.77256322
1418.5	2722.400882	2.39409995	0.17310936	1	0.55039	0.44961
1419	2679.838507	2.46740007	0.1575933	1	0.72232639	0.27767361
1419.5	2621.969383	2.47889995	0.14845296	1	0.80510759	0.19489241
1420	2570.989074	2.48370003	0.12236812	1	0.9205861	0.0794139
1420.5	2503.233836	2.47309994	0.13187421	1	0.87470531	0.12529469
1421	2453.839559	2.45930004	0.1426887	1	0.88057678	0.11942322
1421.5	2469.219894	2.41420006	0.1578271	1	0.9086073	0.0913927
1422	2566.566184	2.3591001	0.18355812	1	0.81206721	0.18793279
1422.5	2674.866783	2.29410004	0.23592878	0.86121475	0.61075496	0.38924504
1423	2919.042539	2.2881	0.23425513	0.96523034	0.40446034	0.59553966
1423.5	3142.893458	2.3355	0.20347627	1	0.35529363	0.64470637
1424	3064.376056	2.42589998	0.15235906	1	0.52054548	0.47945452
1424.5	3013.131947	2.4769001	0.13021519	1	0.64546513	0.35453487
1425	2862.307702	2.48029994	0.13162472	1	0.73015654	0.26984346
1425.5	2805.588821	2.46280002	0.14483463	1	0.78210192	0.21789808
1426	2772.353159	2.45210003	0.14409126	1	0.7753455	0.2246545
1426.5	2802.475126	2.46420001	0.13584537	1	0.76324659	0.23675341
1427	2825.914201	2.45830011	0.14941905	1	0.72150313	0.27849687
1427.5	2822.000146	2.45009994	0.15048402	1	0.73851031	0.26148969
1428	2952.993345	2.43160009	0.15412658	1	0.69618272	0.30381728
1428.5	2949.39012	2.44289994	0.14564271	1	0.65058124	0.34941876
1429	2978.200045	2.46329998	0.13740143	1	0.63779693	0.36220307
1429.5	2996.30175	2.46510004	0.13626578	1	0.66447001	0.33552999
1430	2988.54581	2.44950008	0.14130347	1	0.6501652	0.3498348
1430.5	2942.971214	2.44749999	0.14325746	1	0.66834378	0.33165622
1431	2870.388997	2.45779991	0.14680685	1	0.66914504	0.33085496
1431.5	2798.964923	2.45110011	0.14364202	1	0.7491855	0.2508145
1432	2805.095555	2.4282999	0.15706169	1	0.72381299	0.27618701
1432.5	2912.746583	2.38829994	0.18007951	1	0.66307538	0.33692462
1433	2997.47165	2.36299991	0.19248074	1	0.55599719	0.44400281
1433.5	3211.318033	2.36269998	0.19364398	1	0.43368315	0.56631685
1434	3320.927038	2.42179989	0.1531618	1	0.46548491	0.53451509
1434.5	3206.46347	2.48690009	0.13537602	1	0.51018559	0.48981441
1435	3010.935326	2.52399992	0.12949196	1	0.61983937	0.38016063
1435.5	2750.321633	2.50250005	0.1506052	1	0.76770877	0.23229123
1436	2641.284477	2.46650004	0.15924187	1	0.88499951	0.11500049
1436.5	2593.680475	2.43409991	0.16042116	1	0.89887464	0.10112536
1437	2655.174847	2.4275	0.16075162	1	0.82738822	0.17261178
1437.5	2706.122093	2.43420004	0.16585732	1	0.82252359	0.17747641
1438	2682.88134	2.43639993	0.16103278	1	0.80143147	0.19856853
1438.5	2695.093704	2.42930006	0.1659317	1	0.78969091	0.21030909
1439	2574.872333	2.40829992	0.17085367	1	0.76983284	0.23016716
1439.5	2408.2696	2.36770009	0.18728785	1	0.79807364	0.20192636
1440	2347.081572	2.3269	0.17763322	1	0.83429676	0.16570324
1440.5	2264.741455	2.29450011	0.15525881	1	0.91824322	0.08175678
1441	2299.825418	2.28460001	0.13346801	1	1	0
1441.5	2376.776739	2.27999997	0.1430072	1	0.96420997	0.03579003
1442	2463.679341	2.29509997	0.16012173	1	0.89999806	0.10000194
1442.5	2439.014671	2.32139992	0.17484557	1	0.84475576	0.15524424
1443	2379.168246	2.33689999	0.18509873	1	0.80628699	0.19371301
1443.5	2281.45422	2.32369995	0.1699507	1	0.86312079	0.13687921
1444	2171.295898	2.31489992	0.16136561	1	0.89533114	0.10466886
1444.5	2264.7566	2.33719992	0.17090931	1	0.85952419	0.14047581
1445	2365.767034	2.38359999	0.15635788	1	0.91411966	0.08588034
1445.5	2446.398745	2.41659998	0.16013976	1	0.89993041	0.10006959
1446	2511.484128	2.43470001	0.15987761	1	0.90091401	0.09908599
1446.5	2428.662095	2.4275	0.1619497	1	0.89313971	0.10686029
1447	2446.709024	2.39409995	0.15343764	1	0.92507606	0.07492394
1447.5	2546.616938	2.36490011	0.15486294	1	0.91972851	0.08027149
1448	2637.342122	2.36019992	0.19278177	0.97414386	0.77746105	0.22253895
1448.5	2666.650405	2.38829994	0.18312971	1	0.77407449	0.22592551
1449	2664.293697	2.41549992	0.16711197	1	0.79005181	0.20994819
1449.5	2668.293789	2.44600009	0.1594256	1	0.86445081	0.13554919
1450	2673.018394	2.46979999	0.14201527	1	0.8272106	0.1727894
1450.5	2697.729476	2.4828999	0.12625655	1	0.78830385	0.21169615
1451	2636.575589	2.48070001	0.12031576	1	0.78637146	0.21362854
1451.5	2547.621677	2.42790007	0.15766626	1	0.73207402	0.26792598
1452	2545.557844	2.3519001	0.17689059	1	0.83708304	0.16291696
1452.5	2552.090465	2.28099989	0.20306773	0.94271618	0.73886919	0.26113081
1453	2717.548882	2.2966001	0.22334624	0.93441087	0.66278636	0.33721364
1453.5	2721.50385	2.36450004	0.19261607	1	0.77808272	0.22191728
1454	2594.791134	2.42510008	0.17311146	1	0.85126191	0.14873809
1454.5	2389.319497	2.4426999	0.16162788	1	0.8613106	0.1386894
1455	2336.05475	2.4052	0.14807125	1	0.94521015	0.05478985
1455.5	2207.350352	2.34540009	0.13346801	1	1	0
1456	2170.913854	2.27920007	0.13346801	1	1	0
1456.5	2279.587452	2.25620007	0.13346801	1	1	0
1457	2324.084671	2.27880001	0.14428122	1	0.95878982	0.04121018
1457.5	2290.84046	2.32389998	0.13346801	1	1	0
1458	2270.363969	2.36669993	0.13346801	1	1	0
1458.5	2284.532085	2.39030003	0.13346801	1	1	0
1459	2360.229227	2.40689992	0.13609534	1	0.98744606	0.01255394
1459.5	2627.144575	2.40919995	0.16787886	1	0.87089413	0.12910587
1460	2695.772948	2.42370009	0.15977248	1	0.71372634	0.28627366
1460.5	2792.037147	2.44729995	0.14355248	1	0.66791146	0.33208854
1461	2629.517497	2.44919991	0.14648844	1	0.78193676	0.21806324
1461.5	2389.254057	2.42610001	0.15809927	1	0.90758609	0.09241391
1462	2319.814762	2.38860011	0.14687731	1	0.94968974	0.05031026
1462.5	2285.181282	2.38840007	0.13346801	1	1	0
1463	2289.964621	2.39949989	0.14966504	1	0.93923044	0.06076956
1463.5	2314.946549	2.41829991	0.14086976	1	0.96531468	0.03468532
1464	2352.786939	2.43460011	0.14210689	1	0.95863878	0.04136122
1464.5	2470.68892	2.45639991	0.14120414	1	0.96086096	0.03913904
1465	2554.385383	2.45359992	0.15784592	1	0.87918579	0.12081421
1465.5	2637.583969	2.42529988	0.16064329	1	0.77994275	0.22005725
1466	2646.531701	2.38369989	0.18390119	1	0.69870454	0.30129546
1466.5	2572.38858	2.35479998	0.19818495	0.96277081	0.75718885	0.24281115
1467	2489.026887	2.34179997	0.17991517	1	0.82573515	0.17426485
1467.5	2434.248088	2.34240007	0.16286912	1	0.88969016	0.11030984
1468	2375.543221	2.34920001	0.13920976	1	0.97510439	0.02489561
1468.5	2346.627997	2.35669994	0.14232702	1	0.96150797	0.03849203
1469	2348.016288	2.36269998	0.13346801	1	1	0
1469.5	2349.804748	2.35619997	0.13346801	1	1	0
1470	2354.737277	2.34910011	0.1352632	1	0.9923135	0.0076865
1470.5	2358.286225	2.33369994	0.13346801	1	1	0
1471	2363.514519	2.32240009	0.13346801	1	1	0
1471.5	2370.536177	2.31360006	0.14432378	1	0.95574897	0.04425103
1472	2377.507154	2.30990004	0.17376346	1	0.84881567	0.15118433
1472.5	2390.314483	2.32739996	0.1551222	1	0.91875576	0.08124424
1473	2379.472906	2.34829998	0.13346801	1	1	0
1473.5	2362.635038	2.36100006	0.13346801	1	1	0
1474	2414.838976	2.37240004	0.15370993	1	0.92405444	0.07594556
1474.5	2411.03569	2.3722999	0.15576219	1	0.91635459	0.08364541
1475	2443.980115	2.38409996	0.14855074	1	0.94341117	0.05658883
1475.5	2539.644471	2.39510011	0.15065619	1	0.93551182	0.06448818
1476	2425.137389	2.40400004	0.16309773	1	0.88883244	0.11116756
1476.5	2434.568943	2.39750003	0.17081725	1	0.85986959	0.14013041
1477	2439.309394	2.36949992	0.15976674	1	0.90132993	0.09867007
1477.5	2303.015745	2.34949994	0.15600676	1	0.91543698	0.08456302
1478	2402.832258	2.35439991	0.152343	1	0.92918306	0.07081694
1478.5	2501.249394	2.38549995	0.14946645	1	0.93997555	0.06002445
1479	2514.426253	2.4361	0.15512962	1	0.91872793	0.08127207
1479.5	2657.450382	2.47440004	0.13194748	1	0.89996933	0.10003067
1480	2671.413509	2.4842	0.11790218	1	0.83838081	0.16161919
1480.5	2600.252221	2.46530008	0.13873259	1	0.8734911	0.1265089
1481	2586.977375	2.44020009	0.15357442	1	0.84878885	0.15121115
1481.5	2602.003532	2.42470002	0.16250696	1	0.82768023	0.17231977
1482	2551.714581	2.42540001	0.16526012	1	0.83430063	0.16569937
1482.5	2512.016161	2.42740011	0.16936464	1	0.8653196	0.1346804
1483	2432.48612	2.4275	0.16224807	1	0.88047534	0.11952466
1483.5	2318.650159	2.41039991	0.16620807	1	0.87716275	0.12283725
1484	2332.83823	2.40079998	0.14916719	1	0.94109833	0.05890167
1484.5	2391.117075	2.39140009	0.1447627	1	0.95225703	0.04774297
1485	2447.925308	2.38750004	0.13346801	1	1	0
1485.5	2558.934022	2.38350009	0.15066079	1	0.93549448	0.06450552
1486	2498.407695	2.38579988	0.16354355	1	0.88715976	0.11284024
1486.5	2434.584539	2.39639997	0.15044517	1	0.93630349	0.06369651
1487	2360.664361	2.40960001	0.15351469	1	0.92478698	0.07521302
1487.5	2378.924861	2.43099999	0.15834027	1	0.90668189	0.09331811
1488	2404.750822	2.43849992	0.14231324	1	0.95562922	0.04437078
1488.5	2459.379491	2.44239997	0.13346801	1	1	0
1489	2520.330917	2.44300007	0.13346801	1	1	0
1489.5	2538.876547	2.44239997	0.13346801	1	1	0
1490	2576.193326	2.43819999	0.13346801	1	1	0
1490.5	2605.854303	2.43140006	0.15930368	1	0.90306729	0.09693271
1491	2560.862515	2.43059992	0.13346801	1	1	0
1491.5	2431.581806	2.39510011	0.15162745	1	0.93186771	0.06813229
1492	2284.366193	2.3499999	0.14940874	1	0.9401921	0.0598079
1492.5	2283.782464	2.32879996	0.14419257	1	0.9551593	0.0448407
1493	2432.765773	2.36120009	0.15319506	1	0.92598617	0.07401383
1493.5	2677.940703	2.40429997	0.17460305	0.95954573	0.81276065	0.18723935
1494	2967.954331	2.42319989	0.15721535	1	0.62695723	0.37304277
1494.5	3071.370132	2.43050003	0.15168023	1	0.59391152	0.40608848
1495	3009.648085	2.43199992	0.15074707	1	0.59215813	0.40784187
1495.5	3030.052996	2.42459988	0.15656301	1	0.63377648	0.36622352
1496	3028.704126	2.43409991	0.15122367	1	0.64855325	0.35144675
1496.5	2981.891408	2.45140004	0.14175105	1	0.68635392	0.31364608
1497	2931.691022	2.48000001	0.12602756	1	0.72065687	0.27934313
1497.5	2848.683245	2.48070001	0.12577773	1	0.76948064	0.23051936
1498	2780.943164	2.48489999	0.13796938	1	0.77029567	0.22970433
1498.5	2806.865135	2.48950004	0.11743821	1	0.82274699	0.17725301
1499	2827.578861	2.49720001	0.1018408	1	0.82961112	0.17038888
1499.5	2840.959508	2.4913001	0.10812541	1	0.78910452	0.21089548
1500	2719.745802	2.47530007	0.12609796	1	0.77338832	0.22661168
1500.5	2591.455487	2.45549988	0.14135371	1	0.76580512	0.23419488
1501	2466.324695	2.43969988	0.15351085	1	0.83808094	0.16191906
1501.5	2330.902488	2.44519996	0.13928368	1	0.96977001	0.03022999
1502	2330.157759	2.44280004	0.13346801	1	1	0
1502.5	2342.44772	2.4124	0.13346801	1	1	0
1503	2297.912869	2.36299991	0.13346801	1	1	0
1503.5	2293.276112	2.34649991	0.13346801	1	1	0
1504	2291.157344	2.37120008	0.13737261	1	0.98229163	0.01770837
1504.5	2317.819625	2.39840006	0.13346801	1	1	0
1505	2363.853497	2.39490008	0.13606071	1	0.98764723	0.01235277
1505.5	2391.117075	2.37639999	0.13346801	1	1	0
1506	2388.239407	2.37459993	0.13411408	1	0.99713152	0.00286848
1506.5	2407.988131	2.3808	0.13346801	1	1	0
1507	2404.005452	2.38860011	0.14858505	1	0.94328248	0.05671752
1507.5	2353.320789	2.39759993	0.15824206	1	0.90705037	0.09294963
1508	2297.059088	2.34069991	0.16884677	1	0.86726266	0.13273734
1508.5	2265.845834	2.1637001	0.19796936	0.95335429	0.75799775	0.24200225
1509	2247.542188	1.83539998	0	1	0	1
1509.5	2272.671435	1.53610002	0	1	0	1
1510	2256.936994	1.43920004	0	1	0	1
1510.5	2226.960049	1.61530005	0	1	0	1
1511	2274.601489	1.96609997	0	1	0	1
1511.5	2339.522352	2.22280001	0.18624751	1	0.80197691	0.19802309
1512	2317.967566	2.34489989	0.13540491	1	0.99215936	0.00784064
1512.5	2380.534036	2.34750008	0.13346801	1	1	0
1513	2359.058247	2.3657	0.14101581	1	0.96579694	0.03420306
1513.5	2276.876573	2.38420009	0.13346801	1	1	0
1514	2330.22353	2.39890003	0.13346801	1	1	0
1514.5	2355.827292	2.39310002	0.13346801	1	1	0
1515	2366.680236	2.38759994	0.13346801	1	1	0
1515.5	2481.21582	2.36520004	0.13563795	1	0.99035125	0.00964875
1516	2752.30849	2.3664	0.19472151	1	0.77018332	0.22981668
1516.5	2942.5251	2.37179994	0.22714059	0.96519666	0.62374156	0.37625844
1517	3198.831374	2.39820003	0.21152035	1	0.46851372	0.53148628
1517.5	3309.805758	2.40490007	0.18513746	1	0.42202356	0.57797644
1518	2950.635034	2.41689991	0.15941531	1	0.56236392	0.43763608
1518.5	2673.958737	2.39249992	0.17569881	1	0.60015439	0.39984561
1519	2440.748996	2.30369997	0.22813054	1	0.64483618	0.35516382
1519.5	2227.31787	2.16429996	0.18218982	1	0.81720095	0.18279905
1520	2141.77743	2.08689999	0.1758401	1	0.84102439	0.15897561
1520.5	2207.74533	2.14380002	0.18058392	1	0.82322609	0.17677391
1521	2343.748288	2.27600002	0.18160448	1	0.81939703	0.18060297
1521.5	2447.638406	2.39210009	0.16424001	1	0.88454669	0.11545331
1522	2525.011887	2.44109988	0.14978392	1	0.93878442	0.06121558
1522.5	2536.6938	2.46409988	0.16204664	1	0.89277601	0.10722399
1523	2494.061548	2.47149991	0.15008345	1	0.93377953	0.06622047
1523.5	2567.404908	2.48720002	0.14034636	1	0.93649011	0.06350989
1524	2723.612276	2.49909996	0.12307	1	0.95794016	0.04205984
1524.5	2705.744914	2.49650001	0.10604144	1	0.89123094	0.10876906
1525	2713.554515	2.50169992	0.13016694	1	0.90238273	0.09761727
1525.5	2704.10067	2.49679994	0.10419563	1	0.86465352	0.13534648
1526	2712.040504	2.49449992	0.11040292	1	0.89528012	0.10471988
1526.5	2690.07251	2.48149991	0.12835434	1	0.86155807	0.13844193
1527	2688.885874	2.46950006	0.13820499	1	0.85015219	0.14984781
1527.5	2670.175436	2.45869994	0.14161282	1	0.83539909	0.16460091
1528	2627.287285	2.45339989	0.14610715	1	0.87411099	0.12588901
1528.5	2626.36807	2.45409989	0.16255415	1	0.87708801	0.12291199
1529	2601.417294	2.45729994	0.15500591	1	0.91919207	0.08080793
1529.5	2585.471923	2.45560002	0.1592745	1	0.90317678	0.09682322
1530	2591.226386	2.45679998	0.15199364	1	0.88695305	0.11304695
1530.5	2585.224145	2.4670999	0.13820394	1	0.89427703	0.10572297
1531	2636.986108	2.46309995	0.14052502	1	0.88919502	0.11080498
1531.5	2597.953922	2.43280005	0.15864644	1	0.87010359	0.12989641
1532	2528.854076	2.36899995	0.17848902	1	0.83108586	0.16891414
1532.5	2604.320198	2.34010004	0.1842153	1	0.80960148	0.19039852
1533	2628.782847	2.35730004	0.20046645	1	0.71665388	0.28334612
1533.5	2505.044216	2.40409994	0.1742953	1	0.80126065	0.19873935
1534	2505.775306	2.4045	0.17483654	1	0.83199363	0.16800637
1534.5	2439.961614	2.38100004	0.13496205	1	0.99332189	0.00667811
1535	2397.551496	2.35689997	0.13766774	1	0.98223525	0.01776475
1535.5	2519.337257	2.36779999	0.14127129	1	0.96720486	0.03279514
1536	2497.498855	2.38050007	0.1544608	1	0.92123728	0.07876272
1536.5	2482.155416	2.39100003	0.1524378	1	0.9288274	0.0711726
1537	2490.700771	2.39450001	0.14708064	1	0.94892686	0.05107314
1537.5	2505.313949	2.40610003	0.15569114	1	0.9166212	0.0833788
1538	2587.706614	2.41490006	0.169004	1	0.85319489	0.14680511
1538.5	2620.245093	2.42549991	0.16129267	1	0.89560478	0.10439522
1539	2628.379343	2.4209001	0.17360635	1	0.82289099	0.17710901
1539.5	2601.694791	2.40969991	0.17500379	1	0.83795887	0.16204113
1540	2602.081301	2.39930009	0.17770674	1	0.82440048	0.17559952
1540.5	2514.359795	2.40440011	0.17391325	1	0.84825372	0.15174628
1541	2582.884536	2.41149997	0.16261853	1	0.8906303	0.1093697
1541.5	2707.631713	2.42610001	0.1571934	1	0.91098487	0.08901513
1542	2809.338285	2.44000005	0.15266826	1	0.81621235	0.18378765
1542.5	2926.177383	2.42729997	0.15527054	1	0.64368057	0.35631943
1543	2862.603458	2.36159992	0.18922975	1	0.41712895	0.58287105
1543.5	2764.806484	2.27559995	0.23703478	1	0.23441158	0.76558842
1544	2739.462502	2.22070002	0.26930066	1	0.18401493	0.81598507
1544.5	2811.618723	2.20329999	0.28134781	1	0.24088019	0.75911981
1545	2863.558188	2.18969988	0.29448083	1	0.28639248	0.71360752
1545.5	2888.926985	2.16449999	0.31257516	1	0.25129055	0.74870945
1546	2886.598719	2.15179991	0.31637513	1	0.19294685	0.80705315
1546.5	2858.726492	2.14420008	0.32155165	1	0.18258555	0.81741445
1547	2854.571388	2.14219999	0.3250207	1	0.17477808	0.82522192
1547.5	2873.595782	2.1328001	0.32821035	1	0.20120716	0.79879284
1548	2887.733779	2.1473	0.31370571	1	0.1841706	0.8158294
1548.5	2921.650311	2.2163999	0.27343535	1	0.24212113	0.75787887
1549	2943.92626	2.32349991	0.21358026	1	0.43914154	0.56085846
1549.5	2949.401451	2.4124999	0.16854305	1	0.60562956	0.39437044
1550	2955.564656	2.42910003	0.1540268	1	0.63882809	0.36117191
1550.5	2965.335462	2.42079997	0.15846738	1	0.61758619	0.38241381
1551	2952.967597	2.42910003	0.15366362	1	0.60488301	0.39511699
1551.5	2817.943097	2.44749999	0.16397389	1	0.6253727	0.3746273
1552	2740.538912	2.44379997	0.15228517	1	0.75165915	0.24834085
1552.5	2645.229362	2.42400002	0.16485249	1	0.85181438	0.14818562
1553	2527.541348	2.41030001	0.1646903	1	0.88285732	0.11714268
1553.5	2578.603892	2.41149997	0.15062873	1	0.93561476	0.06438524
1554	2577.585536	2.41790008	0.14764136	1	0.94682312	0.05317688
1554.5	2629.476642	2.43330001	0.14807106	1	0.94521093	0.05478907
1555	2753.85034	2.44679999	0.15164734	1	0.87861645	0.12138355
1555.5	2753.613843	2.45070004	0.14559987	1	0.8037455	0.1962545
1556	2809.475605	2.46300005	0.13856688	1	0.78989779	0.21010221
1556.5	2857.946527	2.47149991	0.13049085	1	0.77335947	0.22664053
1557	2862.114345	2.48970007	0.11156996	1	0.80875158	0.19124842
1557.5	2903.327178	2.49020004	0.11029545	1	0.83641719	0.16358281
1558	2922.317103	2.4835999	0.11773266	1	0.81314986	0.18685014
1558.5	2931.036942	2.47959995	0.12127128	1	0.78337103	0.21662897
1559	2933.708666	2.48889994	0.11091177	1	0.78394311	0.21605689
1559.5	2950.58362	2.50169992	0.09824092	1	0.82935559	0.17064441
1560	2951.626502	2.49740004	0.10112507	1	0.80618143	0.19381857
1560.5	2959.33248	2.48679995	0.1126196	1	0.75313049	0.24686951
1561	2977.996242	2.48650002	0.11245626	1	0.72899138	0.27100862
1561.5	2985.042469	2.49679994	0.10191857	1	0.80681502	0.19318498
1562	3012.682266	2.49609994	0.10345406	1	0.79793739	0.20206261
1562.5	3068.265884	2.4828999	0.11995477	1	0.73516392	0.26483608
1563	3091.500406	2.45569992	0.13973785	1	0.67935395	0.32064605
1563.5	3089.526355	2.44149994	0.14573995	1	0.6279664	0.3720336
1564	3061.805599	2.43530011	0.14978988	1	0.62843436	0.37156564
1564.5	3007.869101	2.43409991	0.14932315	1	0.59165227	0.40834773
1565	2954.106731	2.41339993	0.16129478	1	0.56211793	0.43788207
1565.5	2932.07186	2.38739991	0.17526733	1	0.48727262	0.51272738
1566	2905.890256	2.35949993	0.19026187	1	0.40929278	0.59070722
1566.5	2877.896271	2.3505001	0.19586257	1	0.4114663	0.5885337
1567	2854.159848	2.34360003	0.20099914	1	0.44145762	0.55854238
1567.5	2815.033409	2.34479999	0.20071002	1	0.45514547	0.54485453
1568	2815.480762	2.34669995	0.19882707	1	0.43482017	0.56517983
1568.5	2836.185208	2.34120011	0.20111204	1	0.39633715	0.60366285
1569	2872.645097	2.33909988	0.20452509	1	0.46098783	0.53901217
1569.5	2908.710688	2.35400009	0.1961587	1	0.49147278	0.50852722
1570	2872.53418	2.38899993	0.17681457	1	0.5656442	0.4343558
1570.5	2785.497603	2.44510006	0.14413797	1	0.64531117	0.35468883
1571	2635.549725	2.48519992	0.1155308	1	0.78714233	0.21285767
1571.5	2494.457402	2.45409989	0.15841741	1	0.87411344	0.12588656
1572	2380.638157	2.30679988	0.16881331	1	0.86738812	0.13261188
1572.5	2334.458747	2.15059995	0.19741649	1	0.76007205	0.23992795
1573	2385.359117	2.12249994	0.22742092	1	0.64749854	0.35250146
1573.5	2480.846348	2.24589991	0.1904044	1	0.78638064	0.21361936
1574	2565.261455	2.39159989	0.13668252	1	0.98497438	0.01502562
1574.5	2651.57383	2.46329998	0.13346801	1	1	0
1575	2722.979624	2.47270011	0.13625253	1	0.97421085	0.02578915
1575.5	2843.917601	2.46860003	0.14890323	1	0.88410055	0.11589945
1576	2986.039794	2.46000003	0.16708253	1	0.74062055	0.25937945
1576.5	3058.113297	2.44700002	0.15290986	1	0.68096303	0.31903697
1577	3072.512449	2.44199991	0.15149	1	0.6410073	0.3589927
1577.5	3094.111642	2.44869995	0.14282982	1	0.59398901	0.40601099
1578	3099.895436	2.46199989	0.13818505	1	0.6105166	0.3894834
1578.5	3074.347226	2.46799993	0.13893437	1	0.63426911	0.36573089
1579	3045.837486	2.46659994	0.14840741	1	0.66177451	0.33822549
1579.5	2814.336945	2.46530008	0.1490709	1	0.68527752	0.31472248
1580	2537.384316	2.39199995	0.18182222	1	0.75766825	0.24233175
1580.5	2403.849946	2.28760004	0.1831682	1	0.81353008	0.18646992
1581	2251.598424	2.14369988	0.17449434	1	0.84607356	0.15392644
1581.5	2163.115102	2.06399989	0.18528929	1	0.80557203	0.19442797
1582	2264.997213	2.04839992	0.22845351	1	0.64362436	0.35637564
1582.5	2460.491275	2.1401	0.23995415	1	0.60047519	0.39952481
1583	2719.660816	2.28660011	0.22898301	1	0.6416378	0.3583622
1583.5	2982.851627	2.41659998	0.1760372	1	0.68891704	0.31108296
1584	3075.280825	2.48970007	0.11670223	1	0.67215716	0.32784284
1584.5	2914.693575	2.5078001	0.12288025	1	0.66543948	0.33456052
1585	2695.217533	2.50440001	0.12844127	1	0.74348843	0.25651157
1585.5	2678.952771	2.48690009	0.15969525	1	0.75624912	0.24375088
1586	2575.683933	2.46580004	0.17315465	1	0.81669729	0.18330271
1586.5	2482.193822	2.45219993	0.16570486	1	0.87905079	0.12094921
1587	2458.726826	2.3986001	0.14830835	1	0.94432061	0.05567939
1587.5	2424.018781	2.31699991	0.14171449	1	0.96637082	0.03362918
1588	2472.30012	2.25740003	0.18203991	1	0.81776338	0.18223662
1588.5	2591.700075	2.30029988	0.1914048	1	0.78262728	0.21737272
1589	2638.095333	2.38100004	0.1855842	1	0.80446559	0.19553441
1589.5	2597.548691	2.41090011	0.17008911	1	0.79488712	0.20511288
1590	2473.431748	2.34349989	0.1849173	1	0.80696773	0.19303227
1590.5	2283.036738	2.29310011	0.15113319	1	0.93372213	0.06627787
1591	2224.760779	2.30629992	0.13902032	1	0.97910225	0.02089775
1591.5	2303.38833	2.35400009	0.15200001	1	0.93046987	0.06953013
1592	2430.707317	2.40219998	0.13540169	1	0.99119353	0.00880647
1592.5	2527.254194	2.4138	0.15922163	1	0.90337514	0.09662486
1593	2522.341445	2.43490004	0.14761231	1	0.94693207	0.05306793
1593.5	2464.775085	2.43379998	0.15829573	1	0.90684902	0.09315098
1594	2436.314476	2.4375	0.13706958	1	0.98385584	0.01614416
1594.5	2412.680899	2.42700004	0.13346801	1	1	0
1595	2430.337055	2.41829991	0.13394629	1	0.99780398	0.00219602
1595.5	2460.809092	2.41140007	0.13610529	1	0.9869467	0.0130533
1596	2488.746384	2.4065001	0.15109567	1	0.93386286	0.06613714
1596.5	2523.747152	2.40709996	0.15722198	1	0.91087758	0.08912242
1597	2537.386576	2.40680003	0.16030257	1	0.89931952	0.10068048
1597.5	2505.390144	2.42339992	0.16123916	1	0.89580559	0.10419441
1598	2472.552898	2.43149995	0.1688297	1	0.86732667	0.13267333
1598.5	2435.61179	2.42779994	0.15249873	1	0.92859876	0.07140124
1599	2451.319414	2.40910005	0.14848354	1	0.94366335	0.05633665
1599.5	2577.587694	2.39549994	0.13740803	1	0.98241311	0.01758689
1600	2738.379606	2.39039993	0.17921748	1	0.8283528	0.1716472
1600.5	2876.72272	2.40499997	0.16981248	1	0.66588175	0.33411825
1601	2992.03697	2.43029999	0.15319061	1	0.63466125	0.36533875
1601.5	2959.079743	2.4584999	0.15082913	1	0.6494652	0.3505348
1602	2941.996824	2.47199988	0.13153883	1	0.73345339	0.26654661
1602.5	2928.907656	2.47779989	0.12651211	1	0.72495186	0.27504814
1603	2926.75617	2.47639989	0.12382398	1	0.74277198	0.25722802
1603.5	2931.397818	2.46560001	0.13477435	1	0.76351428	0.23648572
1604	2928.226713	2.4526	0.14232093	1	0.73971742	0.26028258
1604.5	2943.408965	2.45650005	0.14010334	1	0.74941641	0.25058359
1605	2949.80389	2.45779991	0.13856995	1	0.7310301	0.2689699
1605.5	2947.011714	2.45160007	0.14176189	1	0.70386099	0.29613901
1606	2990.774579	2.42560005	0.15668053	1	0.65652287	0.34347713
1606.5	3023.809434	2.40680003	0.16700784	1	0.60928755	0.39071245
1607	3051.133493	2.40779995	0.16644559	1	0.6119244	0.3880756
1607.5	3055.804577	2.42459988	0.15611861	1	0.61534565	0.38465435
1608	2984.794031	2.45549988	0.13703583	1	0.63666492	0.36333508
1608.5	2891.38808	2.48300004	0.11602246	1	0.69301021	0.30698979
1609	2794.817535	2.4972999	0.10000815	1	0.73791027	0.26208973
1609.5	2714.699921	2.48860001	0.11057902	1	0.75278824	0.24721176
1610	2670.318228	2.46690011	0.13433837	1	0.77638775	0.22361225
1610.5	2650.55226	2.46000003	0.13913394	1	0.78887808	0.21112192
1611	2630.615928	2.47029995	0.13522206	1	0.88346314	0.11653686
1611.5	2599.522657	2.48029994	0.1227144	1	0.86218369	0.13781631
1612	2583.418656	2.47979998	0.12499256	1	0.90719741	0.09280259
1612.5	2573.172438	2.4748001	0.12960752	1	0.87058782	0.12941218
1613	2566.08861	2.47239995	0.13915596	1	0.9555149	0.0444851
1613.5	2570.397044	2.47379994	0.13630498	1	0.96766239	0.03233761
1614	2576.199989	2.47230005	0.13698194	1	0.97038131	0.02961869
1614.5	2585.908539	2.47460007	0.13852055	1	0.95435094	0.04564906
1615	2589.449949	2.4683001	0.14210532	1	0.9372456	0.0627544
1615.5	2591.455487	2.46149992	0.14222316	1	0.9134671	0.0865329
1616	2594.210327	2.45729994	0.1418723	1	0.81762105	0.18237895
1616.5	2598.30386	2.45580005	0.14449368	1	0.87165099	0.12834901
1617	2630.634114	2.45079994	0.14849978	1	0.9008767	0.0991233
1617.5	2629.261205	2.44749999	0.1498809	1	0.87804347	0.12195653
1618	2682.933223	2.44199991	0.15337884	1	0.88299077	0.11700923
1618.5	2765.649404	2.40409994	0.18694533	1	0.77304893	0.22695107
1619	2815.59785	2.31800007	0.25094193	1	0.52009755	0.47990245
1619.5	2903.650863	2.22079992	0.28785803	1	0.32025593	0.67974407
1620	2926.944446	2.15890002	0.32033413	1	0.15403288	0.84596712
1620.5	2926.525712	2.13860011	0.33157271	1	0.12905521	0.87094479
1621	2938.746316	2.13490009	0.33775845	1	0.07953473	0.92046527
1621.5	2944.856348	2.13599991	0.33513298	1	0.09104114	0.90895886
1622	2939.182613	2.13450002	0.33460626	1	0.07007513	0.92992487
1622.5	2934.948767	2.12960004	0.33315274	1	0.13181743	0.86818257
1623	2919.436735	2.12120008	0.336582	1	0.10220313	0.89779687
1623.5	2906.269906	2.11730003	0.33917209	1	0.09539627	0.90460373
1624	2903.87206	2.12179994	0.33800208	0.99718254	0.07649725	0.92350275
1624.5	2914.894324	2.12599992	0.33739796	1	0.06686221	0.93313779
1625	2927.099071	2.1236999	0.33707809	1	0.09515482	0.90484518
1625.5	2925.666306	2.12540006	0.33717542	1	0.11520992	0.88479008
1626	2927.281797	2.12630009	0.33349022	1	0.16097743	0.83902257
1626.5	2929.940875	2.12660002	0.33752974	0.98602205	0.14075377	0.85924623
1627	2922.288889	2.11800003	0.34546449	0.96746695	0.1353904	0.8646096
1627.5	2918.57573	2.10529994	0.35575035	0.9245283	0.12904913	0.87095087
1628	2902.489549	2.09409999	0.36481902	0.91149818	0.11915864	0.88084136
1628.5	2875.913856	2.08899998	0.36543303	0.9170981	0.12969161	0.87030839
1629	2864.497511	2.09240007	0.36144939	0.94572079	0.12295167	0.87704833
1629.5	2864.368326	2.09759998	0.35209509	0.95672398	0.1365797	0.8634203
1630	2862.30238	2.10360002	0.34476006	0.97792702	0.16890098	0.83109902
1630.5	2854.22124	2.10890007	0.3446086	0.97454929	0.18547697	0.81452303
1631	2850.705575	2.1085999	0.34232211	0.98440432	0.18767155	0.81232845
1631.5	2857.148187	2.10430002	0.34506884	0.95052188	0.17430032	0.82569968
1632	2856.473428	2.10630011	0.34462144	0.97118687	0.1787272	0.8212728
1632.5	2871.927902	2.11120009	0.34585651	0.99241352	0.16098465	0.83901535
1633	2889.329577	2.11240005	0.34232082	1	0.16548135	0.83451865
1633.5	2903.985632	2.10630011	0.34542396	1	0.14248163	0.85751837
1634	2921.809922	2.10599994	0.34811979	0.96861761	0.12858746	0.87141254
1634.5	2915.608013	2.10660004	0.34563943	0.99631953	0.1343147	0.8656853
1635	2857.616984	2.10489988	0.34727296	0.99395972	0.17491783	0.82508217
1635.5	2815.743483	2.09870004	0.34783211	0.97878229	0.19572845	0.80427155
1636	2786.689404	2.09730005	0.34231925	0.94261366	0.21641214	0.78358786
1636.5	2776.798428	2.09770011	0.33996921	0.95733153	0.22522915	0.77477085
1637	2785.657832	2.1071999	0.33695834	0.93880945	0.23652568	0.76347432
1637.5	2782.273489	2.11450004	0.34637683	0.91479843	0.18671475	0.81328525
1638	2803.575873	2.12109994	0.34542843	0.96321237	0.13760578	0.86239422
1638.5	2828.245442	2.11299991	0.33477082	1	0.13361229	0.86638771
1639	2837.286189	2.10010004	0.34404054	1	0.12031048	0.87968952
1639.5	2861.998704	2.09170007	0.3449853	1	0.09608363	0.90391637
1640	2855.400362	2.08909988	0.34919059	1	0.10887315	0.89112685
1640.5	2850.316286	2.09050011	0.34662202	1	0.12981562	0.87018438
1641	2845.393792	2.09080004	0.35366818	0.98857384	0.1567901	0.8432099
1641.5	2819.567156	2.0913999	0.3524661	0.9715768	0.17834223	0.82165777
1642	2798.73354	2.09969997	0.3543621	0.97344499	0.16536976	0.83463024
1642.5	2814.214843	2.10960006	0.34712851	0.97242373	0.17847037	0.82152963
1643	2830.8826	2.12210011	0.3459174	0.91776049	0.20291221	0.79708779
1643.5	2859.383699	2.12820005	0.34168168	0.86300939	0.21880421	0.78119579
1644	2895.675922	2.13669991	0.34465226	0.85811358	0.20765888	0.79234112
1644.5	2907.365054	2.16599988	0.32957264	0.89825063	0.256015	0.743985
1645	2906.325302	2.22040009	0.28699052	0.9262585	0.3629449	0.6370551
1645.5	2933.132715	2.27369999	0.25868731	0.99540734	0.43236202	0.56763798
1646	2908.438575	2.28279995	0.24859561	1	0.45151114	0.54848886
1646.5	2885.511044	2.25200009	0.26247882	1	0.41172254	0.58827746
1647	2878.494063	2.23079991	0.2722688	1	0.40419447	0.59580553
1647.5	2862.366972	2.23860001	0.26437908	1	0.41182658	0.58817342
1648	2868.597969	2.23950004	0.26547414	1	0.42869532	0.57130468
1648.5	2875.116404	2.21429991	0.28499013	1	0.35430136	0.64569864
1649	2888.338401	2.18070006	0.31542453	0.99327379	0.29887354	0.70112646
1649.5	2864.906706	2.19350004	0.30331087	0.95696002	0.33786764	0.66213236
1650	2861.544641	2.24239993	0.27317225	0.99024409	0.40390294	0.59609706
1650.5	2917.595278	2.30509996	0.23360058	1	0.46037548	0.53962452
1651	2952.993345	2.34249997	0.20501917	1	0.55031448	0.44968552
1651.5	2962.464813	2.3729999	0.18656955	1	0.5647909	0.4352091
1652	2963.300025	2.40310001	0.16931529	1	0.60778546	0.39221454
1652.5	2909.404633	2.41880011	0.160502	1	0.64312541	0.35687459
1653	2872.810365	2.42930006	0.15612819	1	0.7129234	0.2870766
1653.5	2855.544844	2.43630003	0.15496474	1	0.72764891	0.27235109
1654	2852.591866	2.46239995	0.15696409	1	0.7486431	0.2513569
1654.5	2832.697933	2.47169995	0.15173196	1	0.70833104	0.29166896
1655	2834.863561	2.4611001	0.15838177	1	0.70474058	0.29525942
1655.5	2798.756669	2.43759989	0.15460583	1	0.72006589	0.27993411
1656	2738.652741	2.43070006	0.16775417	1	0.73432195	0.26567805
1656.5	2720.835866	2.44149994	0.15151664	1	0.80702185	0.19297815
1657	2646.690383	2.46199989	0.15031035	1	0.86619263	0.13380737
1657.5	2616.338141	2.4598999	0.14219757	1	0.8755846	0.1244154
1658	2598.383446	2.44250011	0.1484995	1	0.94360345	0.05639655
1658.5	2572.564334	2.42580008	0.13618327	1	0.98607301	0.01392699
1659	2644.034013	2.42389988	0.13819654	1	0.9761483	0.0238517
1659.5	2745.5057	2.44039988	0.15479508	1	0.91998308	0.08001692
1660	2842.146273	2.44849991	0.15301531	1	0.80052191	0.19947809
1660.5	2957.377094	2.4512999	0.14655762	1	0.7360031	0.2639969
1661	2931.741808	2.4519	0.14172562	1	0.70684123	0.29315877
1661.5	2908.499577	2.44499993	0.14512491	1	0.67332559	0.32667441
1662	2899.838604	2.4275999	0.16207645	1	0.62281286	0.37718714
1662.5	2881.566429	2.41739988	0.1857106	1	0.57982152	0.42017848
1663	2874.433133	2.42919993	0.17239154	1	0.64549636	0.35450364
1663.5	2876.627858	2.45479989	0.1513849	1	0.68352049	0.31647951
1664	2873.384347	2.46490001	0.13858938	1	0.71467894	0.28532106
1664.5	2849.090784	2.45600008	0.14073373	1	0.72394818	0.27605182
1665	2817.435139	2.45329999	0.14874255	1	0.76712208	0.23287792
1665.5	2790.963381	2.45490002	0.15669587	1	0.82864111	0.17135889
1666	2758.358485	2.46799993	0.14536555	1	0.84710681	0.15289319
1666.5	2745.016177	2.4663999	0.1396065	1	0.84870612	0.15129388
1667	2754.347973	2.46609997	0.13512848	1	0.78318893	0.21681107
1667.5	2730.470916	2.46440005	0.14566832	1	0.77351719	0.22648281
1668	2721.591357	2.46239995	0.14289845	1	0.7870922	0.2129078
1668.5	2737.83613	2.45050001	0.15040774	1	0.80727767	0.19272233
1669	2707.073781	2.43639993	0.16181753	1	0.80272585	0.19727415
1669.5	2693.08146	2.41680002	0.17166443	1	0.82338309	0.17661691
1670	2700.901814	2.39989995	0.17814633	1	0.82682204	0.17317796
1670.5	2696.125887	2.40490007	0.15522004	0.95809906	0.87739759	0.12260241
1671	2710.550045	2.43510007	0.14315246	1	0.80635052	0.19364948
1671.5	2709.757308	2.47449994	0.12357728	1	0.83230644	0.16769356
1672	2674.005631	2.48399996	0.12660703	1	0.83575189	0.16424811
1672.5	2673.400455	2.47760009	0.14366289	1	0.84037542	0.15962458
1673	2736.656108	2.45090007	0.14941875	1	0.80366104	0.19633896
1673.5	2827.206483	2.41610002	0.15384784	0.93385964	0.71602797	0.28397203
1674	2881.531096	2.35470008	0.17853772	0.85372275	0.58215713	0.41784287
1674.5	2803.377374	2.26579999	0.21174533	0.80987894	0.45708215	0.54291785
1675	2685.391623	2.16219997	0.25623577	0.77255356	0.29611796	0.70388204
1675.5	2584.781402	2.07480001	0.29395318	0.7576949	0.17334982	0.82665018
1676	2559.187444	2.02550005	0.31472411	0.79321503	0.09321327	0.90678673
1676.5	2551.573448	2.0309	0.31326442	0.84418606	0.12008364	0.87991636
1677	2540.145995	2.11159992	0.27889698	0.92146009	0.24358761	0.75641239
1677.5	2489.228025	2.25869989	0.21827328	1	0.51377588	0.48622412
1678	2422.779854	2.39339995	0.16437968	1	0.79777222	0.20222778
1678.5	2468.55194	2.47119998	0.1290481	1	0.95778977	0.04221023
1679	2452.966737	2.48469996	0.12101592	1	1	0
1679.5	2458.084339	2.47699999	0.12101592	1	1	0
1680	2469.40594	2.45819997	0.12101592	1	1	0
1680.5	2485.509391	2.4289999	0.12101592	1	1	0
1681	2473.885412	2.40109992	0.12116606	1	0.99928784	0.00071216
1681.5	2455.021458	2.3671	0.12345884	1	0.98888361	0.01111639
1682	2417.562545	2.34369993	0.12101592	1	1	0
1682.5	2354.837208	2.32209992	0.12101592	1	1	0
1683	2319.666603	2.26769995	0.12101592	1	1	0
1683.5	2412.722858	2.22289991	0.12101592	1	1	0
1684	2538.392436	2.22919988	0.12101592	1	1	0
1684.5	2665.75005	2.34479999	0.14809794	0.94536715	0.90292626	0.09707374
1685	2824.162631	2.45309996	0.15679366	0.93335598	0.87083643	0.12916357
1685.5	2854.833514	2.51469993	0.11858981	1	0.86859577	0.13140423
1686	2813.310748	2.50990009	0.11931394	1	0.86385273	0.13614727
1686.5	2769.914515	2.50270009	0.13467857	1	0.86934608	0.13065392
1687	2781.311195	2.50920009	0.12744286	1	0.84587347	0.15412653
1687.5	2881.724606	2.49900007	0.1258939	1	0.83669859	0.16330141
1688	3037.926358	2.48970007	0.12662641	1	0.71742463	0.28257537
1688.5	3123.619662	2.47340011	0.12493549	1	0.66918122	0.33081878
1689	3082.324822	2.48040008	0.11902032	1	0.64165687	0.35834313
1689.5	2988.050709	2.49189996	0.12376412	1	0.68139779	0.31860221
1690	2868.425168	2.49600005	0.11862372	1	0.75172668	0.24827332
1690.5	2783.498043	2.50279998	0.1165762	1	0.82399421	0.17600579
1691	2686.291021	2.50469994	0.10405953	1	0.88966512	0.11033488
1691.5	2549.855169	2.50430011	0.1181744	1	0.92074787	0.07925213
1692	2419.919616	2.47259998	0.14186041	1	0.92528426	0.07471574
1692.5	2330.052556	2.39829993	0.14852139	1	0.90140843	0.09859157
1693	2288.760818	2.28049993	0.16108539	1	0.8563736	0.1436264
1693.5	2258.905541	2.09150004	0.18551568	0.90527844	0.76880484	0.23119516
1694	2240.944154	1.92569994	0.2112739	0.73098343	0.67647618	0.32352382
1694.5	2268.255387	1.84720003	0.22482745	0.68997007	0.6278944	0.3721056
1695	2297.242688	1.95179998	0.19174301	0.82076138	0.74648344	0.25351656
1695.5	2270.191606	2.13030004	0.1543605	1	0.88047856	0.11952144
1696	2329.829997	2.2973001	0.12101592	1	1	0
1696.5	2369.579801	2.37809991	0.12101592	1	1	0
1697	2430.827564	2.42389988	0.12101592	1	1	0
1697.5	2556.731721	2.44519996	0.13044477	1	0.95260423	0.04739577
1698	2585.21544	2.46189999	0.12745547	1	0.96788507	0.03211493
1698.5	2564.844797	2.45409989	0.13041152	1	0.95493835	0.04506165
1699	2582.996079	2.44020009	0.12101592	1	1	0
1699.5	2638.595565	2.4512	0.12864311	1	0.958907	0.041093
1700	2703.572921	2.48200011	0.12460795	1	0.91023641	0.08976359
1700.5	2774.127129	2.51629996	0.09330122	1	0.86894738	0.13105262
1701	2817.154032	2.52189993	0.08769378	1	0.84660613	0.15339387
1701.5	2769.006054	2.51600003	0.10271825	1	0.81428319	0.18571681
1702	2688.08205	2.49270009	0.11359498	1	0.85223507	0.14776493
1702.5	2597.938377	2.47350001	0.13778138	1	0.89361602	0.10638398
1703	2516.589385	2.45339989	0.13783437	1	0.93971532	0.06028468
1703.5	2502.154866	2.45860004	0.12915322	1	0.9602189	0.0397811
1704	2497.445608	2.47099995	0.12635214	1	0.9733209	0.0266791
1704.5	2484.863043	2.46959996	0.12497967	1	0.9804185	0.0195815
1705	2440.121828	2.38750004	0.13682638	1	0.94332844	0.05667156
1705.5	2392.549187	2.20670008	0.16022422	0.86071527	0.85946041	0.14053959
1706	2390.644467	2.02909994	0.18327763	0.81219303	0.77682697	0.22317303
1706.5	2420.921028	2.02320003	0.19322538	0.87869811	0.74116998	0.25883002
1707	2473.84925	2.17059993	0.17468576	1	0.80762398	0.19237602
1707.5	2490.116736	2.30570006	0.14273688	1	0.92214262	0.07785738
1708	2457.305546	2.30760002	0.1333989	1	0.95346152	0.04653848
1708.5	2501.565612	2.26769995	0.14081877	1	0.92901796	0.07098204
1709	2579.275968	2.29200005	0.15928596	1	0.86282354	0.13717646
1709.5	2674.519388	2.37820005	0.16319248	1	0.84882092	0.15117908
1710	2820.566445	2.44449996	0.13990738	1	0.82910782	0.17089218
1710.5	2874.473876	2.45630002	0.16386482	1	0.67715239	0.32284761
1711	2886.325316	2.42389988	0.19174863	0.95537686	0.52851307	0.47148693
1711.5	2894.306452	2.37249994	0.22152832	0.90430319	0.4040012	0.5959988
1712	2899.093871	2.32319998	0.21722771	0.87438142	0.36281782	0.63718218
1712.5	2925.772995	2.25559997	0.22139549	0.74035048	0.31381714	0.68618286
1713	3194.667287	2.22259998	0.2170269	0.61838501	0.17654356	0.82345644
1713.5	3644.346316	2.24040007	0.1997666	0.5103836	0.04438373	0.95561627
1714	3605.227601	2.25880002	0.18734246	0.4747591	0.00320563	0.99679437
1714.5	3499.7715	2.20460009	0.21754083	0.47067061	0.0246588	0.9753412
1715	3220.166069	2.09739995	0.27799206	0.57072883	0.08061698	0.91938302
1715.5	3164.76719	2.0538001	0.32097539	0.70348441	0.12882591	0.87117409
1716	3516.783868	2.13289999	0.30301666	0.8122105	0.14986802	0.85013198
1716.5	3936.819864	2.26419997	0.25111523	0.84486699	0.20223131	0.79776869
1717	3947.199764	2.34430003	0.23484404	0.8243671	0.25783938	0.74216062
1717.5	3557.788232	2.31609988	0.24560326	0.91421073	0.29439768	0.70560232
1718	3034.15219	2.23659992	0.28349891	0.95595544	0.25390866	0.74609134
1718.5	2858.812427	2.1795001	0.30711641	0.93767911	0.18999008	0.81000992
1719	2794.427936	2.1703999	0.31833299	1	0.11817645	0.88182355
1719.5	2794.187159	2.1623001	0.34215131	0.98452246	0.07565225	0.92434775
1720	2813.136832	2.14260005	0.35347601	0.92842346	0.05840023	0.94159977
1720.5	2833.24296	2.1235001	0.35236251	0.86617636	0.06359976	0.93640024
1721	2887.49293	2.12249994	0.34105169	0.93911635	0.06530398	0.93469602
1721.5	2923.082143	2.13120007	0.32823726	0.99766486	0.09947763	0.90052237
1722	2951.280688	2.13779997	0.32885545	1	0.10368038	0.89631962
1722.5	2964.481716	2.13779997	0.33556589	0.99626612	0.1127902	0.8872098
1723	3001.397422	2.1401	0.33233985	0.95328992	0.1205026	0.8794974
1723.5	3025.832839	2.13840007	0.32922601	0.91790181	0.14159321	0.85840679
1724	3055.829117	2.14890003	0.31778436	0.96067649	0.16957184	0.83042816
1724.5	3062.676416	2.1854999	0.30300459	0.95553421	0.21246665	0.78753335
1725	3026.265362	2.23880004	0.27722525	0.91589289	0.29547378	0.70452622
1725.5	3017.233302	2.29839992	0.25183942	0.89423489	0.38154262	0.61845738
1726	3382.344864	2.37400007	0.20040327	0.9205169	0.43531823	0.56468177
1726.5	3782.759254	2.49489998	0.12127699	0.9843086	0.43363559	0.56636441
1727	3817.252804	2.5676999	0.04914435	1	0.42243951	0.57756049
1727.5	4178.335957	2.5776	0.0554934	1	0.39093056	0.60906944
1728	3826.098371	2.53959989	0.07442085	1	0.46359971	0.53640029
1728.5	3428.999544	2.52589988	0.08914775	1	0.50075715	0.49924285
1729	3410.50599	2.5150001	0.09316673	1	0.56172561	0.43827439
1729.5	3187.49091	2.51119995	0.10443651	1	0.65853792	0.34146208
1730	3478.133798	2.55609989	0.10662464	1	0.62105244	0.37894756
1730.5	3619.359362	2.61879992	0.05882901	1	0.56747037	0.43252963
1731	3623.91204	2.62719988	0.02014369	1	0.53791433	0.46208567
1731.5	3530.723983	2.57439994	0.0427017	1	0.59728968	0.40271032
1732	3057.226821	2.53040003	0.07571574	1	0.6932156	0.3067844
1732.5	2859.067126	2.51830005	0.09403963	1	0.8119539	0.1880461
1733	2818.279241	2.52340006	0.0995355	1	0.82552868	0.17447132
1733.5	2800.628804	2.51999998	0.10191568	1	0.83445549	0.16554451
1734	2813.04334	2.5144999	0.09558165	1	0.84538203	0.15461797
1734.5	2806.927069	2.50699996	0.09899746	1	0.83278608	0.16721392
1735	2814.68772	2.5078001	0.10192943	1	0.89728426	0.10271574
1735.5	2832.037303	2.5157001	0.10773435	1	0.85241842	0.14758158
1736	2859.356902	2.5229001	0.10367571	1	0.87117266	0.12882734
1736.5	2900.688588	2.52530002	0.08408164	1	0.82504099	0.17495901
1737	2948.03793	2.52209997	0.08621693	1	0.81901401	0.18098599
1737.5	2939.029543	2.51300001	0.09239102	1	0.75935947	0.24064053
1738	2904.907094	2.50160002	0.10305259	1	0.7556129	0.2443871
1738.5	2738.347697	2.47149991	0.12246191	1	0.78943824	0.21056176
1739	2528.545667	2.43409991	0.14489226	1	0.82518565	0.17481435
1739.5	2466.256944	2.39619994	0.15144637	1	0.89092403	0.10907597
1740	2440.342571	2.39310002	0.13986347	1	0.93244218	0.06755782
1740.5	2488.715841	2.40890002	0.12912508	1	0.9596827	0.0403173
1741	2568.220549	2.42140007	0.12612015	1	0.97436678	0.02563322
1741.5	2583.142877	2.40569996	0.12101592	1	1	0
1742	2595.913865	2.3901	0.12101592	1	1	0
1742.5	2574.787525	2.38490009	0.1311682	1	0.95083534	0.04916466
1743	2620.506322	2.40759992	0.15906898	1	0.86360126	0.13639874
1743.5	2634.19217	2.43330001	0.14888183	1	0.8917979	0.1082021
1744	2535.140917	2.44109988	0.12697878	1	0.96882599	0.03117401
1744.5	2443.047673	2.41560006	0.1227299	1	0.99226796	0.00773204
1745	2376.448738	2.3657	0.12101592	1	1	0
1745.5	2354.351497	2.34529995	0.12101592	1	1	0
1746	2404.39421	2.35590004	0.12101592	1	1	0
1746.5	2427.024072	2.33109998	0.12101592	1	1	0
1747	2388.581808	2.23850011	0.12101592	1	1	0
1747.5	2309.773377	2.14050006	0.12101592	1	1	0
1748	2379.571268	2.15840005	0.13359735	1	0.95490264	0.04509736
1748.5	2436.454735	2.28110003	0.14366166	1	0.91882783	0.08117217
1749	2530.602985	2.3900001	0.14113008	1	0.9279021	0.0720979
1749.5	2707.263829	2.43039989	0.14295718	1	0.92135298	0.07864702
1750	2506.082286	2.41149997	0.14558242	1	0.91194295	0.08805705
1750.5	2335.252925	2.38750004	0.1605892	1	0.89794385	0.10205615
1751	2260.503728	2.35989999	0.1472992	1	0.94778984	0.05221016
1751.5	2231.588778	2.35310006	0.13649898	1	0.98637473	0.01362527
1752	2335.428205	2.39639997	0.13337887	1	1	0
1752.5	2535.265434	2.44989991	0.13548646	1	0.98838764	0.01161236
1753	2728.366369	2.48600006	0.13976353	1	0.94111973	0.05888027
1753.5	2849.567516	2.49710011	0.12900903	1	0.85603559	0.14396441
1754	2939.950895	2.50309991	0.12527589	1	0.79289686	0.20710314
1754.5	3054.463284	2.51550006	0.10099351	1	0.73472917	0.26527083
1755	3102.170113	2.5209999	0.08944181	1	0.71296846	0.28703154
1755.5	3046.711333	2.53640007	0.12921129	1	0.75029981	0.24970019
1756	2883.671118	2.53439998	0.12138371	1	0.83168625	0.16831375
1756.5	2638.654978	2.49090003	0.13320024	1	0.88872104	0.11127896
1757	2521.792636	2.43029999	0.13569346	1	0.98895704	0.01104296
1757.5	2475.30584	2.37120008	0.13812755	1	0.97922718	0.02077282
1758	2542.022984	2.38120007	0.15098723	1	0.93395733	0.06604267
1758.5	2622.693527	2.42740011	0.15393052	1	0.92291814	0.07708186
1759	2479.504169	2.46119999	0.14913897	1	0.94088953	0.05911047
1759.5	2357.904845	2.43260002	0.13337887	1	1	0
1760	2267.992176	2.38429999	0.13337887	1	1	0
1760.5	2232.78558	2.34120011	0.13337887	1	1	0
1761	2277.666071	2.24099993	0.16038314	1	0.89871668	0.10128332
1761.5	2343.389738	2.05170011	0.25978153	0.84854137	0.52590906	0.47409094
1762	2348.217225	1.93359994	0	1	0	1
1762.5	2378.544424	1.97759997	0	1	0	1
1763	2437.664878	2.15750002	0.23404186	1	0.62244927	0.37755073
1763.5	2478.683606	2.29010009	0.17965167	1	0.82644736	0.17355264
1764	2555.269931	2.37019991	0.15955004	1	0.90184134	0.09815866
1764.5	2630.230064	2.41829991	0.16420774	1	0.88437199	0.11562801
1765	2650.692937	2.45619988	0.1445885	1	0.89943468	0.10056532
1765.5	2657.696117	2.46070003	0.14206123	1	0.90553021	0.09446979
1766	2589.595127	2.43190002	0.15902303	1	0.8933525	0.1066475
1766.5	2511.960244	2.37069988	0.16562721	1	0.8790481	0.1209519
1767	2544.085462	2.3269999	0.17797289	1	0.83274388	0.16725612
1767.5	2602.581212	2.35240006	0.17955055	1	0.82682663	0.17317337
1768	2706.059603	2.42499995	0.16728857	1	0.87281692	0.12718308
1768.5	2803.947159	2.4985001	0.13723684	1	0.88440889	0.11559111
1769	2803.88025	2.51889991	0.09445157	1	0.91384786	0.08615214
1769.5	2750.286989	2.52090001	0.11145061	1	0.95249217	0.04750783
1770	2712.38333	2.51239991	0.099638	1	0.92845875	0.07154125
1770.5	2769.408575	2.50359988	0.10051338	1	0.89198487	0.10801513
1771	2909.774203	2.4914	0.1084097	1	0.8203417	0.1796583
1771.5	3058.094805	2.46230006	0.13822923	1	0.66861534	0.33138466
1772	3195.27668	2.41899991	0.15966115	1	0.51359242	0.48640758
1772.5	3229.04264	2.38319993	0.17400196	1	0.43583551	0.56416449
1773	3190.570593	2.36960005	0.18469285	1	0.434621	0.565379
1773.5	3223.783153	2.3657	0.1884928	1	0.4080789	0.5919211
1774	3246.434971	2.39809989	0.16815716	1	0.45071819	0.54928181
1774.5	3257.718885	2.44869995	0.13549439	1	0.50192558	0.49807442
1775	3231.716599	2.49410009	0.10514956	1	0.60201627	0.39798373
1775.5	3083.930882	2.50209999	0.09304187	1	0.67283415	0.32716585
1776	2912.857872	2.48990011	0.10836081	1	0.74411886	0.25588114
1776.5	2774.29878	2.48709988	0.1125665	1	0.78683489	0.21316511
1777	2652.062988	2.48390007	0.12328837	1	0.86395823	0.13604177
1777.5	2603.557125	2.48639988	0.11585126	1	0.88900637	0.11099363
1778	2580.230153	2.47580003	0.13759948	1	0.95244652	0.04755348
1778.5	2542.659283	2.42709994	0.13647644	1	0.98565447	0.01434553
1779	2651.783803	2.37709999	0.17884927	1	0.82945686	0.17054314
1779.5	2769.514338	2.36759996	0.20905855	0.98676764	0.71615272	0.28384728
1780	2940.450097	2.41810011	0.1645132	1	0.6838212	0.3161788
1780.5	3155.312199	2.46729993	0.13458441	1	0.60896444	0.39103556
1781	3172.164874	2.48040008	0.12173503	1	0.61756831	0.38243169
1781.5	3198.119751	2.47760009	0.1282739	1	0.59270679	0.40729321
1782	3189.231887	2.48300004	0.12320952	1	0.60616356	0.39383644
1782.5	3121.684152	2.4907999	0.11484589	1	0.6621378	0.3378622
1783	3035.445489	2.50399994	0.09522886	1	0.74412989	0.25587011
1783.5	2962.718129	2.51119995	0.09333914	1	0.79047966	0.20952034
1784	2887.673453	2.53169989	0.09483642	1	0.82389807	0.17610193
1784.5	2875.086599	2.53169989	0.09225315	1	0.85526734	0.14473266
1785	2919.207401	2.54259991	0.07570265	1	0.8518449	0.1481551
1785.5	2930.881901	2.51419997	0.13419601	1	0.81280082	0.18719918
1786	2944.392766	2.49950003	0.09792929	1	0.78258931	0.21741069
1786.5	2870.599776	2.47580003	0.12517726	1	0.78926098	0.21073902
1787	2771.879198	2.47970008	0.12282183	1	0.85619288	0.14380712
1787.5	2624.043748	2.46029996	0.14210231	1	0.90127062	0.09872938
1788	2473.208952	2.41689991	0.14006461	1	0.96602761	0.03397239
1788.5	2424.124833	2.34120011	0.14161355	1	0.96622663	0.03377337
1789	2352.423694	2.2565999	0.16159716	1	0.89416337	0.10583663
1789.5	2367.222377	2.2019	0.19276528	1	0.77726292	0.22273708
1790	2423.257606	2.24609994	0.18659724	1	0.80039703	0.19960297
1790.5	2455.403196	2.34170007	0.15180465	1	0.93089151	0.06910849
1791	2499.343943	2.42580008	0.13337887	1	1	0
1791.5	2526.85201	2.44950008	0.13337887	1	1	0
1792	2591.074461	2.44619989	0.13565431	1	0.9875698	0.0124302
1792.5	2657.726173	2.43239998	0.15762604	1	0.90905755	0.09094245
1793	2725.465716	2.43210005	0.161335	1	0.87004983	0.12995017
1793.5	2766.776558	2.44619989	0.15608675	1	0.86328428	0.13671572
1794	2754.87066	2.45860004	0.1442773	1	0.89548373	0.10451627
1794.5	2744.847933	2.45749998	0.14411136	1	0.90140706	0.09859294
1795	2752.66898	2.45650005	0.14194802	1	0.82430386	0.17569614
1795.5	2759.374904	2.4769001	0.12720477	1	0.88366776	0.11633224
1796	2740.575948	2.48810005	0.11362547	1	0.88400244	0.11599756
1796.5	2668.102213	2.4848001	0.11770613	1	0.88041824	0.11958176
1797	2514.393023	2.44320011	0.15200762	1	0.88213646	0.11786354
1797.5	2404.80017	2.39949989	0.13767549	1	0.97981029	0.02018971
1798	2500.510623	2.38330006	0.13926485	1	0.97501635	0.02498365
1798.5	2632.117533	2.41930007	0.15340235	1	0.9248991	0.0751009
1799	2853.214045	2.46889996	0.1367038	1	0.83298528	0.16701472
1799.5	3092.642191	2.50390005	0.11797907	1	0.68963855	0.31036145
1800	3076.727422	2.51749992	0.09482903	1	0.72467362	0.27532638
1800.5	3087.4045	2.51830005	0.10134695	1	0.71405851	0.28594149
1801	3055.479717	2.51009988	0.10237794	1	0.7292602	0.2707398
1801.5	3031.746745	2.50430011	0.11777991	1	0.73222351	0.26777649
1802	3022.804831	2.50060009	0.1169238	1	0.73635578	0.26364422
1802.5	2999.507	2.4972999	0.10545327	1	0.75868499	0.24131501
1803	3015.07827	2.49370002	0.110142	1	0.74196928	0.25803072
1803.5	2985.770658	2.49740004	0.10641898	1	0.76785701	0.23214299
1804	2936.721768	2.50880002	0.09243942	1	0.81946051	0.18053949
1804.5	2904.644163	2.51139998	0.1350941	1	0.81877928	0.18122072
1805	2910.871771	2.51169991	0.08871298	1	0.79634153	0.20365847
1805.5	2956.009029	2.51270008	0.08872126	1	0.81076115	0.18923885
1806	3012.727022	2.51340007	0.09892541	1	0.76363521	0.23636479
1806.5	3050.058707	2.51040005	0.1215901	1	0.72094511	0.27905489
1807	3044.88201	2.51360011	0.10626177	1	0.73655033	0.26344967
1807.5	2961.333697	2.51620006	0.08980305	1	0.78076106	0.21923894
1808	2702.630833	2.47110009	0.12977208	1	0.76079225	0.23920775
1808.5	2506.634666	2.31060004	0.19355288	1	0.77430897	0.22569103
1809	2377.453393	2.02859997	0	1	0	1
1809.5	2240.524149	1.82179999	0	1	0	1
1810	2263.959343	1.82850003	0	1	0	1
1810.5	2260.525472	1.93110001	0	1	0	1
1811	2251.653248	1.93410003	0	1	0	1
1811.5	2311.887926	1.89090001	0	1	0	1
1812	2446.805226	1.97819995	0	1	0	1
1812.5	2666.606079	2.20880007	0.26491096	0.80141395	0.50667041	0.49332959
1813	2945.846954	2.38960003	0.18120782	1	0.62760561	0.37239439
1813.5	3132.69869	2.44630002	0.15985053	1	0.58105015	0.41894985
1814	3224.526804	2.42989993	0.16535513	1	0.4962396	0.5037604
1814.5	3216.428392	2.40899991	0.16709512	1	0.4811587	0.5188413
1815	3203.652564	2.41289997	0.16381821	1	0.49735835	0.50264165
1815.5	3182.894181	2.40490007	0.16578109	1	0.502671	0.497329
1816	3163.880204	2.36089992	0.19845783	1	0.4344964	0.5655036
1816.5	3118.528539	2.30590009	0.22946308	1	0.36059015	0.63940985
1817	3093.185256	2.2643001	0.25533258	1	0.29948753	0.70051247
1817.5	3101.548278	2.2486	0.25587418	1	0.26532164	0.73467836
1818	3136.815741	2.26040005	0.24356588	1	0.2619678	0.7380322
1818.5	3161.773131	2.31750011	0.21007564	1	0.31012049	0.68987951
1819	3043.504835	2.40619993	0.16141518	1	0.47589147	0.52410853
1819.5	2877.029745	2.47539997	0.12359812	1	0.69370424	0.30629576
1820	2735.280815	2.49250006	0.10770016	1	0.85453683	0.14546317
1820.5	2595.964627	2.47440004	0.12955798	1	0.8689779	0.1310221
1821	2543.669328	2.44619989	0.14994283	1	0.87684261	0.12315739
1821.5	2548.855169	2.41899991	0.14961121	1	0.93911826	0.06088174
1822	2563.293934	2.39359998	0.14994168	1	0.9378789	0.0621211
1822.5	2587.377117	2.40089988	0.15213358	1	0.92965781	0.07034219
1823	2603.506065	2.43039989	0.13909986	1	0.96970725	0.03029275
1823.5	2692.753083	2.45860004	0.14865507	1	0.94270443	0.05729557
1824	2819.73412	2.48090004	0.13600619	1	0.86689847	0.13310153
1824.5	2957.902382	2.49309992	0.12093431	1	0.77586776	0.22413224
1825	3126.56756	2.49379992	0.10969282	1	0.66537511	0.33462489
1825.5	3147.602683	2.47469997	0.12032355	1	0.61163169	0.38836831
1826	2956.393143	2.44939994	0.13840045	1	0.606902	0.393098
1826.5	2814.160122	2.45269989	0.1389642	1	0.68130928	0.31869072
1827	2712.465302	2.47970008	0.12126424	1	0.80543226	0.19456774
1827.5	2728.649797	2.4999001	0.11092073	1	0.89425188	0.10574812
1828	2839.572457	2.48370003	0.12864914	1	0.81177842	0.18822158
1828.5	2943.039498	2.44950008	0.14117786	1	0.68176269	0.31823731
1829	2990.971153	2.4453001	0.13895052	1	0.54592078	0.45407922
1829.5	2972.582578	2.46580004	0.12902119	1	0.6281113	0.3718887
1830	2944.577658	2.4769001	0.12627945	1	0.72120296	0.27879704
1830.5	2966.567658	2.45709991	0.13696262	1	0.69727945	0.30272055
1831	3096.009743	2.4518001	0.138555	1	0.63313519	0.36686481
1831.5	3148.002495	2.46620011	0.13116236	1	0.6166352	0.3833648
1832	3459.496726	2.49900007	0.16321806	1	0.43152785	0.56847215
1832.5	3516.958165	2.51869988	0.14535152	1	0.43424567	0.56575433
1833	3428.43632	2.52900004	0.10909164	1	0.51378488	0.48621512
1833.5	3348.618981	2.52699995	0.10096687	1	0.56000447	0.43999553
1834	2985.065886	2.52519989	0.07550773	1	0.72645127	0.27354873
1834.5	2847.57625	2.51999998	0.12980955	1	0.82505267	0.17494733
1835	2778.823737	2.50149989	0.13423058	1	0.87173545	0.12826455
1835.5	2714.726687	2.47530007	0.13103942	1	0.94768869	0.05231131
1836	2692.895944	2.45670008	0.14504449	1	0.92367231	0.07632769
1836.5	2671.713283	2.46180009	0.14255662	1	0.94305157	0.05694843
1837	2670.947707	2.47749996	0.1294499	1	0.99434262	0.00565738
1837.5	2684.996548	2.49950003	0.11630345	1	0.99334979	0.00665021
1838	2702.618779	2.52469992	0.09255726	1	0.92813128	0.07186872
1838.5	2719.731168	2.52649998	0.10409617	1	0.97136926	0.02863074
1839	2723.590373	2.50869989	0.1035401	1	0.9458127	0.0541873
1839.5	2710.357342	2.48790001	0.13008452	1	0.95301234	0.04698766
1840	2699.896822	2.48090004	0.12232345	1	0.88712823	0.11287177
1840.5	2698.670514	2.47970008	0.13309767	1	0.96462619	0.03537381
1841	2698.457972	2.47589993	0.13603194	1	0.96060216	0.03939784
1841.5	2690.867928	2.47289991	0.13831338	1	0.958027	0.041973
1842	2686.338349	2.47180008	0.13668982	1	0.94955968	0.05044032
1842.5	2663.69079	2.4677	0.13770325	1	0.97479754	0.02520246
1843	2664.608228	2.46280002	0.13739463	1	0.97695428	0.02304572
1843.5	2698.066161	2.45799994	0.14428295	1	0.92411851	0.07588149
1844	2721.618064	2.45339989	0.14590297	1	0.88896572	0.11103428
1844.5	2727.697429	2.44930005	0.14737874	1	0.85669565	0.14330435
1845	2730.468299	2.43930006	0.15413197	1	0.87625348	0.12374652
1845.5	2679.284785	2.42350006	0.16216313	1	0.89204061	0.10795939
1846	2735.538528	2.42239999	0.17494782	1	0.8440898	0.1559102
1846.5	2864.252502	2.4433	0.18673841	1	0.75700682	0.24299318
1847	2906.951903	2.48099994	0.15118558	1	0.78518408	0.21481592
1847.5	2992.777303	2.48620009	0.13011211	1	0.73879063	0.26120937
1848	2990.261049	2.46819996	0.14949735	1	0.71471703	0.28528297
1848.5	2957.908066	2.44919991	0.14989973	1	0.72053474	0.27946526
1849	3056.65959	2.4663999	0.14959585	1	0.66428852	0.33571148
1849.5	3074.012264	2.48830008	0.11612826	1	0.69240361	0.30759639
1850	3055.268478	2.4900999	0.10702086	1	0.69569492	0.30430508
1850.5	2930.17187	2.47530007	0.12308412	1	0.70797377	0.29202623
1851	2759.152692	2.44499993	0.14756001	1	0.78279083	0.21720917
1851.5	2649.068715	2.40619993	0.16390278	1	0.88551574	0.11448426
1852	2570.505539	2.37910008	0.15886183	1	0.90442258	0.09557742
1852.5	2596.477696	2.39899992	0.1552737	1	0.91788035	0.08211965
1853	2679.998687	2.46000003	0.14088533	1	0.95869261	0.04130739
1853.5	2699.49766	2.49550008	0.13206304	1	0.94878309	0.05121691
1854	2707.766415	2.4914	0.12820565	1	0.95259964	0.04740036
1854.5	2674.608569	2.46320009	0.14117012	1	0.95364075	0.04635925
1855	2647.019	2.45499992	0.14631003	1	0.92939305	0.07060695
1855.5	2660.542484	2.45650005	0.14487202	1	0.91175836	0.08824164
1856	2640.634515	2.4676001	0.1407846	1	0.95612156	0.04387844
1856.5	2604.818744	2.4756999	0.13401156	1	0.97470211	0.02529789
1857	2625.427087	2.48740005	0.12256541	1	1	0
1857.5	2652.270569	2.48589992	0.12716884	1	0.9786536	0.0213464
1858	2637.008922	2.45679998	0.13957999	1	0.96425157	0.03574843
1858.5	2709.94754	2.43899989	0.16131971	1	0.89520394	0.10479606
1859	2679.398003	2.4374001	0.15540339	1	0.91739398	0.08260602
1859.5	2612.955974	2.44989991	0.14851379	1	0.89936405	0.10063595
1860	2539.316458	2.39650011	0.15108293	1	0.93359845	0.06640155
1860.5	2398.660924	2.29419994	0.1561935	1	0.91443049	0.08556951
1861	2313.28816	2.1868	0.1844982	1	0.80826979	0.19173021
1861.5	2312.708862	2.1558001	0.19957587	1	0.75171887	0.24828113
1862	2384.155671	2.19289994	0.20198316	1	0.74268996	0.25731004
1862.5	2462.520964	2.28469991	0.17812417	1	0.8321765	0.1678235
1863	2527.683839	2.36199998	0.15677715	1	0.91224145	0.08775855
1863.5	2578.241771	2.41980004	0.13901664	1	0.97237533	0.02762467
1864	2620.022045	2.44309997	0.13737075	1	0.97841191	0.02158809
1864.5	2647.747917	2.46269989	0.14125375	1	0.91688382	0.08311618
1865	2650.142069	2.46269989	0.13629898	1	0.98321682	0.01678318
1865.5	2609.171261	2.43989992	0.13677498	1	0.98201066	0.01798934
1866	2512.836178	2.36430001	0.15193766	1	0.93039268	0.06960732
1866.5	2376.233882	2.23099994	0.18101781	1	0.82132345	0.17867655
1867	2352.329233	2.12890005	0.22440007	0.97350066	0.65861225	0.34138775
1867.5	2397.40446	2.13179993	0.23570172	0.99431049	0.61622375	0.38377625
1868	2500.434725	2.25999999	0.20005548	1	0.74992001	0.25007999
1868.5	2678.957621	2.39149999	0.17785571	1	0.8331834	0.1668166
1869	2808.626494	2.47340011	0.14933246	1	0.86199301	0.13800699
1869.5	2862.02023	2.50130009	0.10430325	1	0.86477279	0.13522721
1870	2933.954264	2.51869988	0.08607705	1	0.83192747	0.16807253
1870.5	2955.5417	2.52780008	0.13007229	1	0.78418236	0.21581764
1871	2897.024412	2.52830004	0.12645366	1	0.8156231	0.1843769
1871.5	2833.495942	2.51920008	0.13071227	1	0.82114112	0.17885888
1872	2754.173655	2.5065999	0.12935125	1	0.88729763	0.11270237
1872.5	2686.702912	2.49720001	0.10376969	1	0.86392366	0.13607634
1873	2665.218681	2.49410009	0.10632576	1	0.86392796	0.13607204
1873.5	2652.942482	2.50160002	0.12938039	1	0.90680211	0.09319789
1874	2658.641987	2.50830006	0.10304906	1	0.93849796	0.06150204
1874.5	2667.359737	2.50859999	0.11776656	1	0.95688241	0.04311759
1875	2667.511472	2.49320006	0.12644365	1	0.94511628	0.05488372
1875.5	2652.570632	2.46909999	0.14130941	1	0.94864535	0.05135465
1876	2630.834017	2.45560002	0.14610427	1	0.93519294	0.06480706
1876.5	2579.579389	2.40930008	0.17028096	1	0.86159354	0.13840646
1877	2492.091615	2.33920001	0.15898483	1	0.90396124	0.09603876
1877.5	2559.673286	2.26769995	0.2110152	1	0.70881402	0.29118598
1878	2692.013517	2.27449989	0.23829789	0.92294859	0.60648643	0.39351357
1878.5	2893.740427	2.36319994	0.1932756	1	0.6153903	0.3846097
1879	3141.24789	2.45770001	0.13309568	1	0.59697282	0.40302718
1879.5	3121.204672	2.52209997	0.07836411	1	0.70845037	0.29154963
1880	3037.372265	2.51769995	0.08831381	1	0.75486677	0.24513323
1880.5	2950.740752	2.49589991	0.1094405	1	0.79038596	0.20961404
1881	2796.41758	2.47149991	0.13046713	1	0.79354852	0.20645148
1881.5	2703.349919	2.47359991	0.13006941	1	0.85046041	0.14953959
1882	2688.402033	2.48779988	0.12697604	1	0.97309029	0.02690971
1882.5	2725.884858	2.50510001	0.11923801	1	0.95811998	0.04188002
1883	2865.881863	2.52439999	0.11984787	1	0.88472062	0.11527938
1883.5	2958.433543	2.51830005	0.0859185	1	0.81276583	0.18723417
1884	2822.635189	2.43330001	0.16040532	1	0.79660469	0.20339531
1884.5	2564.275181	2.25629997	0.21774384	0.97030723	0.68357735	0.31642265
1885	2396.096419	2.10220003	0.24991524	1	0.56291395	0.43708605
1885.5	2360.095926	2.10349988	0.23920887	1	0.60306966	0.39693034
1886	2513.607084	2.22250008	0.22189851	1	0.66799467	0.33200533
1886.5	2634.135189	2.37179994	0.17757016	1	0.83425438	0.16574562
1887	2732.600565	2.45090007	0.14634864	1	0.85285437	0.14714563
1887.5	2758.872981	2.4893999	0.11240541	1	0.89378994	0.10621006
1888	2693.409894	2.4993999	0.12941296	1	0.91500353	0.08499647
1888.5	2752.109605	2.49650001	0.13372367	1	0.89647907	0.10352093
1889	2795.255769	2.50309991	0.128864	1	0.90441471	0.09558529
1889.5	2818.831846	2.50399994	0.13215787	1	0.87741941	0.12258059
1890	2750.721397	2.49449992	0.10638356	1	0.87053084	0.12946916
1890.5	2799.581977	2.4749	0.1352128	1	0.88126814	0.11873186
1891	2821.530007	2.46630001	0.1449059	1	0.84996157	0.15003843
1891.5	2828.586463	2.48399996	0.12828457	1	0.86665201	0.13334799
1892	2900.497988	2.50390005	0.10193212	1	0.83767813	0.16232187
1892.5	2828.702019	2.51719999	0.12101145	1	0.90325415	0.09674585
1893	2756.171018	2.52010011	0.11625146	1	0.92301934	0.07698066
1893.5	2696.920332	2.52369999	0.0932229	1	0.92867571	0.07132429
1894	2648.896073	2.51360011	0.11791657	1	0.93599718	0.06400282
1894.5	2619.155304	2.49250006	0.12898111	1	0.94368642	0.05631358
1895	2592.784799	2.47769999	0.13620442	1	0.95355045	0.04644955
1895.5	2594.128634	2.47370004	0.13132877	1	0.99737989	0.00262011
1896	2610.413758	2.4755001	0.13138788	1	0.99116551	0.00883449
1896.5	2623.063774	2.47679996	0.13106805	1	0.98779785	0.01220215
1897	2607.608732	2.4834001	0.12072874	1	0.93187373	0.06812627
1897.5	2591.052435	2.48040008	0.13468194	1	0.95277041	0.04722959
1898	2608.530532	2.4690001	0.13701932	1	0.97886788	0.02113212
1898.5	2671.296493	2.44580006	0.14942069	1	0.93983286	0.06016714
1899	2790.741138	2.43930006	0.15351262	1	0.83213979	0.16786021
1899.5	2883.94672	2.44609999	0.14567263	1	0.74550724	0.25449276
1900	2900.914994	2.45670008	0.14021375	1	0.78023993	0.21976007
1900.5	2898.765742	2.45830011	0.13915939	1	0.77968531	0.22031469
1901	2884.500812	2.44860005	0.16475524	1	0.76615667	0.23384333
1901.5	2886.582262	2.44059991	0.15263754	1	0.76329272	0.23670728
1902	2889.682996	2.43560004	0.15313696	1	0.75186747	0.24813253
1902.5	2878.95643	2.43810009	0.14789175	1	0.66597789	0.33402211
1903	2864.408595	2.4296	0.15451166	1	0.70717322	0.29282678
1903.5	2852.226082	2.4268999	0.15695348	1	0.72935557	0.27064443
1904	2841.128803	2.42219996	0.16364015	1	0.76248019	0.23751981
1904.5	2838.876941	2.42569994	0.16931159	1	0.77061778	0.22938222
1905	2850.694804	2.41980004	0.18593613	1	0.74846047	0.25153953
1905.5	2862.727161	2.41059994	0.1972358	1	0.71924191	0.28075809
1906	2891.879102	2.40210008	0.17979927	1	0.68850833	0.31149167
1906.5	2902.846195	2.40680003	0.17375004	1	0.68938398	0.31061602
1907	2923.926119	2.41510009	0.16492114	1	0.68983387	0.31016613
1907.5	2921.57747	2.42440009	0.15878976	1	0.70859491	0.29140509
1908	2916.526039	2.41790008	0.16059343	1	0.67309993	0.32690007
1908.5	2873.265301	2.37509989	0.18503643	1	0.61968255	0.38031745
1909	2847.773128	2.28900003	0.23250089	0.82265782	0.47364938	0.52635062
1909.5	2866.960153	2.16420006	0.29511675	0.64791148	0.05400929	0.94599071
1910	2878.067308	2.05019998	0.30976703	0.47127145	0	1
1910.5	2943.161554	1.95879995	0.30772915	0.34728148	0.09608653	0.90391347
1911	2968.824422	1.90429997	0.32841178	0.26819542	0.05683522	0.94316478
1911.5	2970.511359	1.87170004	0.34190472	0.21734163	0.05352171	0.94647829
1912	3003.443998	1.85500001	0.34819433	0.19480796	0.0450544	0.9549456
1912.5	3016.215065	1.84280002	0.35267263	0.17470434	0.03387174	0.96612826
1913	2994.50323	1.84140002	0.35346749	0.18657317	0.03319603	0.96680397
1913.5	2955.358495	1.85269999	0.35145252	0.22573518	0.08065342	0.91934658
1914	2910.713352	1.86380004	0.35177221	0.24172963	0.17295666	0.82704334
1914.5	2871.416608	1.86769998	0.33930063	0.265275	0.22763186	0.77236814
1915	2875.569413	1.86269998	0.34075599	0.27739474	0.22217412	0.77782588
1915.5	2929.296161	1.85220003	0.35408365	0.25721243	0.1241154	0.8758846
1916	2936.532232	1.84060001	0.35449972	0.208006	0.03369954	0.96630046
1916.5	2964.539353	1.83239996	0.35613977	0.14099161	0.00287337	0.99712663
1917	2975.260794	1.83089995	0.35641255	0.1326593	0	1
1917.5	2932.260821	1.82780003	0.3579041	0.16920635	0	1
1918	2925.730785	1.84150004	0.35276216	0.28529524	0.00333259	0.99666741
1918.5	2936.840499	1.88549995	0.33585399	0.45299488	0.03956237	0.96043763
1919	2976.353138	1.97660005	0.30289837	0.73041719	0.16170376	0.83829624
1919.5	2874.953772	2.0998001	0.26224756	0.92452675	0.37410733	0.62589267
1920	2809.356462	2.24830007	0.21895892	1	0.63001209	0.36998791
1920.5	2798.070804	2.36619997	0.16987003	1	0.8630225	0.1369775
1921	2781.745202	2.45000004	0.14179456	1	0.9516561	0.0483439
1921.5	2935.381138	2.48860001	0.14028556	1	0.88424837	0.11575163
1922	3086.094688	2.50939989	0.13816404	1	0.8039422	0.1960578
1922.5	3098.562271	2.51020002	0.08740592	1	0.74793869	0.25206131
1923	3063.833894	2.49839997	0.097986	1	0.77792197	0.22207803
1923.5	2978.054406	2.48860001	0.10752579	1	0.80942589	0.19057411
1924	2846.360998	2.48379993	0.11719857	1	0.90072458	0.09927542
1924.5	2761.662518	2.46939992	0.13287855	1	0.92437034	0.07562966
1925	2729.981677	2.45930004	0.1389632	1	0.9384216	0.0615784
1925.5	2766.884456	2.45440006	0.13609948	1	0.98438799	0.01561201
1926	2906.929696	2.46289992	0.14979799	1	0.90034276	0.09965724
1926.5	3049.009112	2.47210001	0.15826064	1	0.82296645	0.17703355
1927	3207.445311	2.48189997	0.10928261	1	0.74476647	0.25523353
1927.5	3290.855237	2.48790001	0.09881962	1	0.65287303	0.34712697
1928	3290.052502	2.49349999	0.09350182	1	0.63563144	0.36436856
1928.5	3254.22674	2.46950006	0.10851006	1	0.5830391	0.4169609
1929	3153.076159	2.40249991	0.12963868	1	0.48029923	0.51970077
1929.5	3080.617573	2.27180004	0.17824332	0.78650957	0.30818894	0.69181106
1930	3017.176584	2.12470006	0.23505322	0.47404688	0.14828807	0.85171193
1930.5	2973.014596	2.00430011	0.28583621	0.27870908	0.05315481	0.94684519
1931	2949.678456	1.93589997	0.31422156	0.2197698	0.02919642	0.97080358
1931.5	2905.521894	1.9095	0.32597926	0.23869244	0.03421311	0.96578689
1932	2909.596405	1.89629995	0.33212471	0.27366	0.04942541	0.95057459
1932.5	2885.071365	1.8772	0.3410905	0.27354416	0.0637714	0.9362286
1933	2905.876515	1.84650003	0.35373955	0.25861492	0.06186537	0.93813463
1933.5	2876.440407	1.82469999	0.36381563	0.29680359	0.07204101	0.92795899
1934	2867.701849	1.82969999	0.36367228	0.43902403	0.10998233	0.89001767
1934.5	2847.488356	1.86979997	0.35920551	0.64566665	0.15298552	0.84701448
1935	2826.160477	1.93159997	0.35270151	0.80128753	0.14473131	0.85526869
1935.5	2829.332256	1.99409997	0.33842647	0.88843017	0.1648366	0.8351634
1936	2830.299005	2.0387001	0.32495531	0.91760253	0.15444383	0.84555617
1936.5	2821.749422	2.05780005	0.32504788	0.89679688	0.16442611	0.83557389
1937	2862.423368	2.06640005	0.33614438	0.87646722	0.12808761	0.87191239
1937.5	2897.955541	2.07590007	0.34386751	0.88787591	0.13266882	0.86733118
1938	2934.93735	2.09629988	0.34031769	0.96053695	0.12633082	0.87366918
1938.5	2974.378307	2.12150001	0.33512046	1	0.16236971	0.83763029
1939	2970.221831	2.1466	0.32705715	1	0.18100127	0.81899873
1939.5	2969.993073	2.17600011	0.31135451	1	0.23987537	0.76012463
1940	2994.488432	2.20810008	0.28731638	1	0.28858131	0.71141869
1940.5	3020.097441	2.22280001	0.28212821	0.92486834	0.3296338	0.6703662
1941	3039.701554	2.19740009	0.29229491	0.87692296	0.29017239	0.70982761
1941.5	3056.78822	2.16389989	0.30769783	0.93759471	0.24158287	0.75841713
1942	3053.459662	2.14869999	0.31041228	1	0.21129684	0.78870316
1942.5	3056.785179	2.15799999	0.31089535	1	0.19821722	0.80178278
1943	3062.544	2.16149997	0.31552481	0.96327608	0.19010692	0.80989308
1943.5	3080.514719	2.15089988	0.31886494	0.92452245	0.18864196	0.81135804
1944	3085.501203	2.13899993	0.31903392	0.92015802	0.21442957	0.78557043
1944.5	3088.493116	2.13000011	0.32049328	0.93438774	0.21189993	0.78810007
1945	3151.221301	2.15429997	0.30415663	1	0.19314509	0.80685491
1945.5	3219.241017	2.22830009	0.26081115	1	0.24068927	0.75931073
1946	3288.504781	2.33979988	0.18998858	1	0.39671647	0.60328353
1946.5	3311.348349	2.40540003	0.14901597	1	0.56882733	0.43117267
1947	3150.710093	2.42680001	0.13290788	1	0.67097991	0.32902009
1947.5	2971.861039	2.43070006	0.13863641	1	0.76895296	0.23104704
1948	2855.798988	2.45239996	0.134947	1	0.85355496	0.14644504
1948.5	2790.794747	2.46659994	0.13570518	1	0.9487707	0.0512293
1949	2778.770587	2.46329998	0.1374302	1	0.9486345	0.0513655
1949.5	2818.683287	2.47040009	0.12994398	1	0.90173065	0.09826935
1950	2859.925521	2.47819995	0.12287144	1	0.90678673	0.09321327
1950.5	2833.45896	2.48090004	0.11679394	1	0.85079729	0.14920271
1951	2821.464633	2.47449994	0.12238868	1	0.84700328	0.15299672
1951.5	2852.66112	2.46149992	0.13415719	1	0.89857679	0.10142321
1952	2906.677375	2.46650004	0.14923278	1	0.90048694	0.09951306
1952.5	3001.14918	2.48320007	0.14905437	1	0.84821265	0.15178735
1953	3090.400345	2.50309991	0.14319962	1	0.80176305	0.19823695
1953.5	3121.809044	2.51789999	0.09789743	1	0.77992838	0.22007162
1954	3128.409423	2.50920009	0.10181508	1	0.7758913	0.2241087
1954.5	3172.600678	2.51099991	0.14216132	1	0.7612949	0.2387051
1955	3313.958358	2.50139999	0.09133389	1	0.69639748	0.30360252
1955.5	3368.387427	2.50789999	0.08520627	1	0.66855639	0.33144361
1956	3337.172662	2.5071001	0.08542801	1	0.66192227	0.33807773
1956.5	3275.943398	2.50609993	0.0884886	1	0.70822417	0.29177583
1957	3190.323449	2.50169992	0.09348376	1	0.74152243	0.25847757
1957.5	3178.877688	2.51489996	0.13978265	1	0.75829064	0.24170936
1958	3182.644929	2.5381999	0.06691512	1	0.72796046	0.27203954
1958.5	3153.59162	2.5531001	0.05786524	1	0.70167171	0.29832829
1959	2979.839188	2.51600003	0.08184434	1	0.72333729	0.27666271
1959.5	2737.941758	2.42440009	0.14670717	1	0.94988673	0.05011327
1960	2580.865882	2.32220005	0.13334418	1	1	0
1960.5	2545.774708	2.28509998	0.13334418	1	1	0
1961	2633.639081	2.33570003	0.13334418	1	1	0
1961.5	2754.099047	2.41659998	0.13475218	1	0.99248671	0.00751329
1962	2782.171778	2.46390008	0.14082179	1	0.95436996	0.04563004
1962.5	2738.849685	2.46690011	0.13821887	1	0.97120475	0.02879525
1963	2763.811096	2.45440006	0.14059904	1	0.95980209	0.04019791
1963.5	2790.631192	2.45519995	0.13929559	1	0.96430575	0.03569425
1964	2882.997491	2.46490001	0.13022086	1	0.8665784	0.1334216
1964.5	2912.059334	2.46889996	0.12940688	1	0.88008469	0.11991531
1965	2850.215029	2.47370004	0.13051319	1	0.89087235	0.10912765
1965.5	2804.876141	2.48320007	0.11810482	1	0.90700471	0.09299529
1966	2714.443726	2.49180006	0.10987441	1	0.85261982	0.14738018
1966.5	2680.222543	2.48140001	0.12508228	1	0.91025298	0.08974702
1967	2677.404441	2.46309995	0.15152223	1	0.93182951	0.06817049
1967.5	2781.384797	2.46970009	0.16332833	1	0.88734489	0.11265511
1968	2891.344141	2.4828	0.1411511	1	0.85643225	0.14356775
1968.5	3013.6713	2.47169995	0.12600384	1	0.8298211	0.1701789
1969	3134.767177	2.43330001	0.16419179	1	0.77965712	0.22034288
1969.5	3118.164897	2.38759994	0.16286493	1	0.77218955	0.22781045
1970	3160.389722	2.38899993	0.16123087	1	0.71190929	0.28809071
1970.5	3139.109424	2.41810011	0.14876616	1	0.70025414	0.29974586
1971	3006.181075	2.4670999	0.12857036	1	0.72206938	0.27793062
1971.5	2868.589735	2.48110008	0.13557356	1	0.75747227	0.24252773
1972	2724.108876	2.47059988	0.14447119	1	0.87464374	0.12535626
1972.5	2737.499207	2.45009994	0.13776046	1	0.97418898	0.02581102
1973	2799.193773	2.46510004	0.14009863	1	0.95885324	0.04114676
1973.5	2830.696068	2.4906001	0.10902463	1	0.86114412	0.13885588
1974	2804.507163	2.50160002	0.10638285	1	0.8994376	0.1005624
1974.5	2671.202733	2.47370004	0.14388716	1	0.93229639	0.06770361
1975	2619.087651	2.43829989	0.15027065	1	0.93652319	0.06347681
1975.5	2643.222325	2.44869995	0.1566423	1	0.91262853	0.08737147
1976	2677.707889	2.47410011	0.16214159	1	0.88326877	0.11673123
1976.5	2639.166757	2.46620011	0.14786462	1	0.94554615	0.05445385
1977	2527.851609	2.33890008	0.13727955	1	0.98203974	0.01796026
1977.5	2395.175739	2.16589999	0.13334418	1	1	0
1978	2325.224692	2.07150006	0.13334418	1	1	0
1978.5	2334.081495	2.11980009	0.13334418	1	1	0
1979	2408.366723	2.24230003	0.13334418	1	1	0
1979.5	2520.091321	2.36109995	0.13334418	1	1	0
1980	2673.372364	2.43639993	0.13334418	1	1	0
1980.5	2764.901764	2.47950005	0.14667804	1	0.88622725	0.11377275
1981	2802.457038	2.49569988	0.13899296	1	0.86519187	0.13480813
1981.5	2798.296785	2.49419999	0.13847176	1	0.86749434	0.13250566
1982	2742.87447	2.48679995	0.11521654	1	0.88885563	0.11114437
1982.5	2752.114724	2.47250008	0.13127984	1	0.86329096	0.13670904
1983	2732.693637	2.48690009	0.13800416	1	0.90472811	0.09527189
1983.5	2763.392638	2.5064001	0.12980303	1	0.88708448	0.11291552
1984	2788.565859	2.53570008	0.11671756	1	0.87290656	0.12709344
1984.5	2800.857926	2.54119992	0.11539982	1	0.86607605	0.13392395
1985	2804.388441	2.54710006	0.11196325	1	0.86412531	0.13587469
1985.5	2795.89427	2.54320001	0.11334116	1	0.86882704	0.13117296
1986	2794.853336	2.53349995	0.11916606	1	0.86940521	0.13059479
1986.5	2752.226577	2.5144999	0.12547579	1	0.89345639	0.10654361
1987	2629.560599	2.46499991	0.13996066	1	0.93516445	0.06483555
1987.5	2542.150278	2.33529996	0.16170452	1	0.89322054	0.10677946
1988	2527.2438	2.14190006	0.18497808	0.96785151	0.80598253	0.19401747
1988.5	2555.767038	2.0223999	0	1	0	1
1989	2656.736955	2.1249001	0.21320931	1	0.70016133	0.29983867
1989.5	2749.540264	2.31750011	0.20955102	1	0.71387398	0.28612602
1990	2798.222284	2.45390009	0.15396766	1	0.86753559	0.13246441
1990.5	2832.160957	2.47040009	0.15489307	1	0.84894931	0.15105069
1991	2851.732371	2.47600007	0.15445446	1	0.83843231	0.16156769
1991.5	2828.250638	2.48830008	0.14678245	1	0.85106807	0.14893193
1992	2779.948903	2.48850011	0.1431002	1	0.87773084	0.12226916
1992.5	2718.435913	2.48449993	0.13938568	1	0.91305798	0.08694202
1993	2650.296598	2.47979998	0.1346205	1	0.95410501	0.04589499
1993.5	2624.464	2.46959996	0.14384748	1	0.94769293	0.05230707
1994	2732.066482	2.47320008	0.14726217	1	0.90509271	0.09490729
1994.5	2770.261781	2.48830008	0.14313577	1	0.88319009	0.11680991
1995	2900.878992	2.50830006	0.14457966	1	0.81264817	0.18735183
1995.5	3092.59838	2.49640011	0.1536868	1	0.71989893	0.28010107
1996	3103.793791	2.47379994	0.15054288	1	0.71483695	0.28516305
1996.5	3139.064286	2.41160011	0.16096059	1	0.61591869	0.38408131
1997	3126.532323	2.32999992	0.19969221	1	0.32287636	0.67712364
1997.5	3061.439813	2.2407	0.24450534	1	0.07989986	0.92010014
1998	2957.041521	2.1940999	0.27073517	0.9669075	0.02076285	0.97923715
1998.5	3006.41817	2.17459988	0.28219899	0.95511633	0.01336469	0.98663531
1999	3064.459266	2.16429996	0.28926736	0.97124695	0.04147532	0.95852468
1999.5	3075.153709	2.16930007	0.2885147	0.96055114	0.11170028	0.88829972
2000	3166.726893	2.18370008	0.28356727	0.9356448	0.22619709	0.77380291
