  5.5000000e+003  2.6399210e+003  2.6389879e+003  9.3310390e-001  1.1204714e+003  4.8200000e+000
  5.5005000e+003  2.6407215e+003  2.6397410e+003  9.8047195e-001  1.1800226e+003  3.6400000e+000
  5.5010000e+003  2.6415225e+003  2.6413140e+003  2.0853262e-001  1.1386461e+003  4.3200000e+000
  5.5015000e+003  2.6423240e+003  2.6428866e+003 -5.6258011e-001  1.0374847e+003  6.1200000e+000
  5.5020000e+003  2.6431260e+003  2.6424019e+003  7.2404182e-001  1.0436961e+003  5.6000000e+000
  5.5025000e+003  2.6439284e+003  2.6433497e+003  5.7875164e-001  1.0448806e+003  5.5000000e+000
  5.5030000e+003  2.6447314e+003  2.6444385e+003  2.9284699e-001  1.0423052e+003  5.6600000e+000
  5.5035000e+003  2.6455346e+003  2.6451576e+003  3.7694722e-001  1.1566357e+003  3.8800000e+000
  5.5040000e+003  2.6463387e+003  2.6470408e+003 -7.0206430e-001  1.1626918e+003  3.7000000e+000
  5.5045000e+003  2.6471429e+003  2.6469486e+003  1.9428072e-001  1.2096890e+003  2.9800000e+000
  5.5050000e+003  2.6479480e+003  2.6488727e+003 -9.2464661e-001  1.2032755e+003  3.1400000e+000
  5.5055000e+003  2.6487532e+003  2.6494550e+003 -7.0187477e-001  1.2005748e+003  3.1600000e+000
  5.5060000e+003  2.6495593e+003  2.6483555e+003  1.2037425e+000  1.1643390e+003  3.6000000e+000
  5.5065000e+003  2.6503654e+003  2.6497584e+003  6.0699989e-001  1.0637372e+003  5.0000000e+000
  5.5070000e+003  2.6511725e+003  2.6517231e+003 -5.5063135e-001  1.0725760e+003  5.3400000e+000
  5.5075000e+003  2.6519796e+003  2.6517320e+003  2.4757499e-001  1.0708252e+003  5.2600000e+000
  5.5080000e+003  2.6527877e+003  2.6519606e+003  8.2711435e-001  1.0608333e+003  5.5400000e+000
  5.5085000e+003  2.6535958e+003  2.6543070e+003 -7.1117652e-001  1.1827018e+003  3.5600000e+000
  5.5090000e+003  2.6544048e+003  2.6530839e+003  1.3209445e+000  1.1277772e+003  3.6200000e+000
  5.5095000e+003  2.6552139e+003  2.6570561e+003 -1.8421536e+000  1.2363283e+003  2.3000000e+000
  5.5100000e+003  2.6560240e+003  2.6573088e+003 -1.2848443e+000  1.2251240e+003  2.3600000e+000
  5.5105000e+003  2.6568341e+003  2.6565925e+003  2.4157290e-001  1.2091395e+003  2.7600000e+000
  5.5110000e+003  2.6576451e+003  2.6568031e+003  8.4195316e-001  1.1942357e+003  3.0800000e+000
  5.5115000e+003  2.6913907e+003  2.6899644e+003  1.4263360e+000  1.2069308e+003  3.1400000e+000
  5.5120000e+003  2.7048133e+003  2.7046371e+003  1.7619543e-001  1.2100475e+003  3.1400000e+000
  5.5125000e+003  2.8469219e+003  2.8469078e+003  1.4090120e-002  1.2810106e+003  2.8200000e+000
  5.5130000e+003  2.9520581e+003  2.9543433e+003 -2.2852279e+000  1.3908511e+003  2.0600000e+000
  5.5135000e+003  2.8602798e+003  2.8616546e+003 -1.3747380e+000  1.4247947e+003  2.3200000e+000
  5.5140000e+003  2.8402896e+003  2.7814572e+003  5.8832387e+001  1.4387007e+003  2.0000000e+000
  5.5145000e+003  2.8043574e+003  2.8060471e+003 -1.6896287e+000  1.4427050e+003  2.7200000e+000
  5.5150000e+003  2.7367003e+003  2.7363933e+003  3.0705800e-001  1.2070229e+003  4.0200000e+000
  5.5155000e+003  2.8402896e+003  2.8406880e+003 -3.9839884e-001  1.2351200e+003  3.3000000e+000
  5.5160000e+003  2.9360485e+003  2.7521959e+003  1.8385260e+002  1.2860138e+003  2.0000000e+000
  5.5165000e+003  2.9167464e+003  2.7166404e+003  2.0010600e+002  1.2701085e+003  2.0000000e+000
  5.5170000e+003  2.8976689e+003  2.7498077e+003  1.4786127e+002  1.2869274e+003  2.0000000e+000
  5.5175000e+003  2.9167464e+003  2.8506831e+003  6.6063315e+001  1.3176105e+003  2.0000000e+000
  5.5180000e+003  2.8043574e+003  2.8052169e+003 -8.5950518e-001  1.2721238e+003  2.3800000e+000
  5.5185000e+003  2.8653349e+003  2.8645759e+003  7.5900439e-001  1.2476943e+003  2.7000000e+000
  5.5190000e+003  2.8720848e+003  2.8730984e+003 -1.0136280e+000  1.2572298e+003  2.5800000e+000
  5.5195000e+003  2.8653349e+003  2.8639282e+003  1.4066598e+000  1.2564742e+003  2.6000000e+000
  5.5200000e+003  2.8720848e+003  2.8714392e+003  6.4556373e-001  1.2758676e+003  2.3400000e+000
  5.5205000e+003  2.9449275e+003  2.7765742e+003  1.6835337e+002  1.2892783e+003  2.0000000e+000
  5.5210000e+003  2.8173180e+003  2.8156574e+003  1.6606430e+000  1.2346196e+003  2.5800000e+000
  5.5215000e+003  2.7819611e+003  2.7817777e+003  1.8340165e-001  1.2276851e+003  2.6800000e+000
  5.5220000e+003  2.7851386e+003  2.7848808e+003  2.5785804e-001  1.1685790e+003  3.3800000e+000
  5.5225000e+003  2.7521445e+003  2.7520949e+003  4.9555998e-002  1.1419061e+003  3.6000000e+000
  5.5230000e+003  2.7351532e+003  2.7350885e+003  6.4672655e-002  1.1357787e+003  3.8800000e+000
  5.5235000e+003  2.7413030e+003  2.7405549e+003  7.4816056e-001  1.1491951e+003  3.6200000e+000
  5.5240000e+003  2.7259800e+003  2.7271282e+003 -1.1482114e+000  1.1499535e+003  3.4800000e+000
  5.5245000e+003  2.7630470e+003  2.7633382e+003 -2.9120657e-001  1.2639542e+003  2.4400000e+000
  5.5250000e+003  2.7490417e+003  2.7513034e+003 -2.2616588e+000  1.2773757e+003  2.2600000e+000
  5.5255000e+003  2.7740614e+003  2.7749468e+003 -8.8538868e-001  1.2713723e+003  2.3800000e+000
  5.5260000e+003  2.7677639e+003  2.7673576e+003  4.0633898e-001  1.2378108e+003  2.8000000e+000
  5.5265000e+003  2.7490417e+003  2.7491810e+003 -1.3924368e-001  1.1270523e+003  4.1200000e+000
  5.5270000e+003  2.7428571e+003  2.7420693e+003  7.8781092e-001  1.1600568e+003  3.5000000e+000
  5.5275000e+003  2.7397753e+003  2.7401137e+003 -3.3838629e-001  1.2583684e+003  2.4000000e+000
  5.5280000e+003  2.7490417e+003  2.7464906e+003  2.5511235e+000  1.2797383e+003  2.0600000e+000
  5.5285000e+003  2.7382246e+003  2.7362755e+003  1.9491293e+000  1.2340282e+003  2.5800000e+000
  5.5290000e+003  2.7599196e+003  2.7603215e+003 -4.0187608e-001  1.2425673e+003  2.6000000e+000
  5.5295000e+003  2.7567993e+003  2.7551460e+003  1.6532905e+000  1.2537986e+003  2.5200000e+000
  5.5300000e+003  2.7772210e+003  2.7771079e+003  1.1304315e-001  1.1542714e+003  3.9200000e+000
  5.5305000e+003  2.7803877e+003  2.7811164e+003 -7.2871449e-001  1.1424802e+003  4.5600000e+000
  5.5310000e+003  2.7787908e+003  2.7798616e+003 -1.0708576e+000  1.1542226e+003  4.5200000e+000
  5.5315000e+003  2.7867429e+003  2.7865937e+003  1.4917132e-001  1.1916878e+003  3.7600000e+000
  5.5320000e+003  2.7599196e+003  2.7579634e+003  1.9561737e+000  1.2727954e+003  2.7600000e+000
  5.5325000e+003  2.7772210e+003  2.7777184e+003 -4.9740725e-001  1.2609082e+003  3.0200000e+000
  5.5330000e+003  2.7413030e+003  2.7408406e+003  4.6236831e-001  1.1413933e+003  4.5000000e+000
  5.5335000e+003  2.7459459e+003  2.7468335e+003 -8.8752603e-001  1.1307161e+003  5.1000000e+000
  5.5340000e+003  2.7646258e+003  2.7654709e+003 -8.4504900e-001  1.1427931e+003  4.5000000e+000
  5.5345000e+003  2.7693230e+003  2.7689891e+003  3.3395638e-001  1.2434829e+003  2.9000000e+000
  5.5350000e+003  2.8043574e+003  2.8021986e+003  2.1588370e+000  1.2769954e+003  2.5000000e+000
  5.5355000e+003  2.8452742e+003  2.8139937e+003  3.1280552e+001  1.3132051e+003  2.0000000e+000
  5.5360000e+003  2.9149891e+003  2.7439088e+003  1.7108021e+002  1.2808632e+003  2.0000000e+000
  5.5365000e+003  2.9063170e+003  2.7796782e+003  1.2663880e+002  1.2968526e+003  2.0000000e+000
  5.5370000e+003  2.9272509e+003  2.9265258e+003  7.2512781e-001  1.2832389e+003  2.6600000e+000
  5.5375000e+003  2.8636389e+003  2.8625045e+003  1.1344145e+000  1.2135560e+003  3.7400000e+000
  5.5380000e+003  2.8822695e+003  2.8813703e+003  8.9916573e-001  1.2580128e+003  4.1400000e+000
  5.5385000e+003  2.8386496e+003  2.8397867e+003 -1.1370966e+000  1.2398053e+003  3.9800000e+000
  5.5390000e+003  2.8822695e+003  2.8811459e+003  1.1235682e+000  1.2711006e+003  3.8400000e+000
  5.5395000e+003  2.9219752e+003  2.9214720e+003  5.0324133e-001  1.3596692e+003  2.9200000e+000
  5.5400000e+003  2.8771546e+003  2.8765026e+003  6.5197597e-001  1.2881899e+003  3.0600000e+000
  5.5405000e+003  2.8535852e+003  2.8529108e+003  6.7443827e-001  1.3670562e+003  2.1800000e+000
  5.5410000e+003  2.9272509e+003  2.8697842e+003  5.7466738e+001  1.3426544e+003  2.0000000e+000
  5.5415000e+003  2.8839603e+003  2.8831023e+003  8.5805228e-001  1.3296044e+003  2.1200000e+000
  5.5420000e+003  2.8805534e+003  2.8799465e+003  6.0696478e-001  1.2656042e+003  2.6800000e+000
  5.5425000e+003  2.8271173e+003  2.8034338e+003  2.3683560e+001  1.3122522e+003  2.0000000e+000
  5.5430000e+003  2.8254925e+003  2.7887755e+003  3.6716962e+001  1.3308257e+003  2.0000000e+000
  5.5435000e+003  2.8485981e+003  2.8477222e+003  8.7594440e-001  1.3279910e+003  3.0800000e+000
  5.5440000e+003  2.8535852e+003  2.8541131e+003 -5.2781863e-001  1.2599412e+003  5.4000000e+000
  5.5445000e+003  2.8586166e+003  2.8583844e+003  2.3229438e-001  1.1982381e+003  5.2800000e+000
  5.5450000e+003  2.9413752e+003  2.9405723e+003  8.0283771e-001  1.3354914e+003  2.8800000e+000
  5.5455000e+003  3.0885370e+003  3.0516184e+003  3.6918697e+001  1.6206926e+003  2.0000000e+000
  5.5460000e+003  3.1708713e+003  3.0000559e+003  1.7081539e+002  1.5400428e+003  2.0000000e+000
  5.5465000e+003  3.2360982e+003  2.9829797e+003  2.5311850e+002  1.4708724e+003  2.0000000e+000
  5.5470000e+003  3.1141762e+003  2.8805837e+003  2.3359255e+002  1.3632872e+003  2.0000000e+000
  5.5475000e+003  3.0290683e+003  2.7541657e+003  2.7490259e+002  1.2941184e+003  2.0000000e+000
  5.5480000e+003  3.0944162e+003  2.7067994e+003  3.8761683e+002  1.2647768e+003  2.0000000e+000
  5.5485000e+003  3.1874510e+003  2.7637360e+003  4.2371497e+002  1.2901295e+003  2.0000000e+000
  5.5490000e+003  3.1688109e+003  2.8304786e+003  3.3833232e+002  1.3197193e+003  2.0000000e+000
  5.5495000e+003  3.2232650e+003  2.9146556e+003  3.0860942e+002  1.3408763e+003  2.0000000e+000
  5.5500000e+003  3.2468708e+003  2.8583367e+003  3.8853410e+002  1.3236186e+003  2.0000000e+000
  5.5505000e+003  3.1402447e+003  2.8693870e+003  2.7085767e+002  1.3405404e+003  2.0000000e+000
  5.5510000e+003  3.0904943e+003  2.9500196e+003  1.4047466e+002  1.3610677e+003  2.0000000e+000
  5.5515000e+003  3.0234196e+003  3.0233535e+003  6.6064346e-002  1.4113870e+003  2.1000000e+000
  5.5520000e+003  2.9431361e+003  2.9422069e+003  9.2916361e-001  1.3137523e+003  2.5400000e+000
  5.5525000e+003  2.9272509e+003  2.9257294e+003  1.5215381e+000  1.3210416e+003  2.2800000e+000
  5.5530000e+003  2.9115085e+003  2.9135037e+003 -1.9951959e+000  1.3548666e+003  2.1400000e+000
  5.5535000e+003  2.8994055e+003  2.9000617e+003 -6.5618157e-001  1.3225963e+003  2.2200000e+000
  5.5540000e+003  2.9132616e+003  2.9148081e+003 -1.5464622e+000  1.3093648e+003  2.2600000e+000
  5.5545000e+003  3.1062420e+003  2.9478707e+003  1.5837138e+002  1.3548140e+003  2.0000000e+000
  5.5550000e+003  3.1341902e+003  2.9070008e+003  2.2718946e+002  1.4142712e+003  2.0000000e+000
  5.5555000e+003  3.1667532e+003  2.9919474e+003  1.7480589e+002  1.3856735e+003  2.0000000e+000
  5.5560000e+003  3.1895356e+003  3.1131208e+003  7.6414795e+001  1.4436344e+003  2.0000000e+000
  5.5565000e+003  3.0010929e+003  3.0008444e+003  2.4854929e-001  1.3645871e+003  2.5800000e+000
  5.5570000e+003  2.9520581e+003  2.9511400e+003  9.1807852e-001  1.4306053e+003  3.3800000e+000
  5.5575000e+003  2.9413752e+003  2.9426203e+003 -1.2451827e+000  1.5680596e+003  2.5200000e+000
  5.5580000e+003  2.9520581e+003  2.9530906e+003 -1.0324896e+000  1.6039611e+003  2.1400000e+000
  5.5585000e+003  2.9045722e+003  2.9023145e+003  2.2576757e+000  1.5746169e+003  2.1800000e+000
  5.5590000e+003  2.9149891e+003  2.9131989e+003  1.7901976e+000  1.5778159e+003  2.2200000e+000
  5.5595000e+003  2.9254809e+003  2.9262151e+003 -7.3424419e-001  1.5891547e+003  2.1200000e+000
  5.5600000e+003  2.8788666e+003  2.8795577e+003 -6.9113583e-001  1.3877499e+003  2.4000000e+000
  5.5605000e+003  2.9628190e+003  2.9619053e+003  9.1367804e-001  1.3333586e+003  2.5200000e+000
  5.5610000e+003  2.9682144e+003  2.9697837e+003 -1.5692846e+000  1.3829311e+003  2.8600000e+000
  5.5615000e+003  2.9974038e+003  2.9972011e+003  2.0268575e-001  1.3962849e+003  2.2000000e+000
  5.5620000e+003  2.9736585e+003  2.9740156e+003 -3.5710495e-001  1.5325142e+003  2.3000000e+000
  5.5625000e+003  2.9827377e+003  2.9811850e+003  1.5526754e+000  1.4627391e+003  2.4000000e+000
  5.5630000e+003  2.9682144e+003  2.9696310e+003 -1.4165936e+000  1.5422124e+003  2.7000000e+000
  5.5635000e+003  3.0047911e+003  3.0030046e+003  1.7864635e+000  1.6256951e+003  2.0800000e+000
  5.5640000e+003  3.0441948e+003  2.9421699e+003  1.0202486e+002  1.5035743e+003  2.0000000e+000
  5.5645000e+003  3.0710327e+003  2.9518172e+003  1.1921553e+002  1.4881714e+003  2.0000000e+000
  5.5650000e+003  3.0480000e+003  3.0486504e+003 -6.5038671e-001  1.5039767e+003  2.1400000e+000
  5.5655000e+003  3.0403990e+003  3.0418980e+003 -1.4990325e+000  1.5391965e+003  2.0800000e+000
  5.5660000e+003  2.9919018e+003  2.9932916e+003 -1.3897972e+000  1.5463207e+003  2.6400000e+000
  5.5665000e+003  2.9809291e+003  2.9809032e+003  2.5859176e-002  1.5028059e+003  2.7400000e+000
  5.5670000e+003  2.9628190e+003  2.9622777e+003  5.4122882e-001  1.5634090e+003  2.4800000e+000
  5.5675000e+003  2.9325175e+003  2.9244337e+003  8.0837368e+000  1.5558535e+003  2.0000000e+000
  5.5680000e+003  2.8856805e+003  2.8875512e+003 -1.8707131e+000  1.5629226e+003  2.2000000e+000
  5.5685000e+003  2.8369851e+003  2.8393625e+003 -2.3774841e+000  1.5100029e+003  2.6800000e+000
  5.5690000e+003  2.8402896e+003  2.8390415e+003  1.2480703e+000  1.5055136e+003  2.7600000e+000
  5.5695000e+003  2.8670059e+003  2.8651418e+003  1.8640700e+000  1.5382588e+003  2.4800000e+000
  5.5700000e+003  2.9219752e+003  2.9200821e+003  1.8930835e+000  1.5730139e+003  2.3800000e+000
  5.5705000e+003  2.9736585e+003  2.9747085e+003 -1.0500033e+000  1.5846279e+003  2.2000000e+000
  5.5710000e+003  2.9754583e+003  2.9749319e+003  5.2642738e-001  1.4562141e+003  2.1000000e+000
  5.5715000e+003  2.9863908e+003  2.7560253e+003  2.3036541e+002  1.3003335e+003  2.0000000e+000
  5.5720000e+003  2.9664234e+003  2.7532941e+003  2.1312924e+002  1.3022629e+003  2.0000000e+000
  5.5725000e+003  2.9520581e+003  2.8552258e+003  9.6832336e+001  1.4117871e+003  2.0000000e+000
  5.5730000e+003  2.9556364e+003  2.9541858e+003  1.4505696e+000  1.3618668e+003  3.0200000e+000
  5.5735000e+003  2.9045722e+003  2.9043692e+003  2.0297762e-001  1.2476382e+003  3.7800000e+000
  5.5740000e+003  2.8687059e+003  2.8683662e+003  3.3964904e-001  1.2390092e+003  4.4400000e+000
  5.5745000e+003  2.8205769e+003  2.8201466e+003  4.3027881e-001  1.3089425e+003  4.2200000e+000
  5.5750000e+003  2.8027586e+003  2.8009589e+003  1.7997337e+000  1.3495732e+003  3.0200000e+000
  5.5755000e+003  2.7819611e+003  2.7819210e+003  4.0036780e-002  1.4099285e+003  2.8400000e+000
  5.5760000e+003  2.8075864e+003  2.8082666e+003 -6.8026424e-001  1.3587712e+003  3.1600000e+000
  5.5765000e+003  2.8619718e+003  2.8612387e+003  7.3317811e-001  1.4588273e+003  2.9600000e+000
  5.5770000e+003  2.9413752e+003  2.9413965e+003 -2.1384774e-002  1.4237212e+003  3.2800000e+000
  5.5775000e+003  2.9700365e+003  2.9710299e+003 -9.9334983e-001  1.4578078e+003  3.8200000e+000
  5.5780000e+003  2.9754583e+003  2.9741390e+003  1.3193421e+000  1.4653893e+003  3.7600000e+000
  5.5785000e+003  3.0749054e+003  3.0723309e+003  2.5744965e+000  1.6697225e+003  2.1000000e+000
  5.5790000e+003  3.2084211e+003  3.0357110e+003  1.7271008e+002  1.6581303e+003  2.0000000e+000
  5.5795000e+003  3.1301669e+003  3.0406774e+003  8.9489469e+001  1.6621710e+003  2.0000000e+000
  5.5800000e+003  3.1301669e+003  3.0911568e+003  3.9010038e+001  1.6918243e+003  2.0000000e+000
  5.5805000e+003  2.9937238e+003  2.7859171e+003  2.0780673e+002  1.3831060e+003  2.0000000e+000
  5.5810000e+003  2.7428571e+003  2.6041689e+003  1.3868821e+002  1.2132701e+003  2.0000000e+000
  5.5815000e+003  2.7229359e+003  2.7237623e+003 -8.2633901e-001  1.3076998e+003  2.4000000e+000
  5.5820000e+003  2.7819611e+003  2.7816705e+003  2.9057589e-001  1.1814837e+003  5.5000000e+000
  5.5825000e+003  2.7614949e+003  2.7609124e+003  5.8252450e-001  1.1028260e+003  6.6200000e+000
  5.5830000e+003  2.7646258e+003  2.7649978e+003 -3.7195518e-001  1.1405966e+003  4.7800000e+000
  5.5835000e+003  2.7931271e+003  2.7933490e+003 -2.2184103e-001  1.3770685e+003  2.6000000e+000
  5.5840000e+003  2.8602798e+003  2.8590192e+003  1.2606130e+000  1.4593669e+003  2.0400000e+000
  5.5845000e+003  3.1261538e+003  2.7824935e+003  3.4366033e+002  1.3291537e+003  2.0000000e+000
  5.5850000e+003  3.2021011e+003  2.8113041e+003  3.9079702e+002  1.3206818e+003  2.0000000e+000
  5.5855000e+003  3.2752183e+003  2.9980516e+003  2.7716666e+002  1.3985781e+003  2.0000000e+000
  5.5860000e+003  3.3243354e+003  3.0672471e+003  2.5708831e+002  1.4499244e+003  2.0000000e+000
  5.5865000e+003  3.1667532e+003  3.1651247e+003  1.6285522e+000  1.5004930e+003  2.4000000e+000
  5.5870000e+003  3.0749054e+003  3.0748690e+003  3.6411131e-002  1.6075672e+003  2.0400000e+000
  5.5875000e+003  2.9149891e+003  2.9164471e+003 -1.4580071e+000  1.5254126e+003  2.7200000e+000
  5.5880000e+003  2.7033259e+003  2.7026189e+003  7.0700860e-001  1.4286095e+003  3.2800000e+000
  5.5885000e+003  2.6869303e+003  2.6853872e+003  1.5430728e+000  1.2876443e+003  2.2600000e+000
  5.5890000e+003  2.7078170e+003  2.6804789e+003  2.7338009e+001  1.2508280e+003  2.0000000e+000
  5.5895000e+003  2.7093333e+003  2.7078269e+003  1.5064021e+000  1.3374884e+003  3.6000000e+000
  5.5900000e+003  2.7521445e+003  2.7521925e+003 -4.8057456e-002  1.1813811e+003  1.0580000e+001
  5.5905000e+003  2.7787908e+003  2.7788039e+003 -1.3144003e-002  9.6101904e+002  3.0080000e+001
  5.5910000e+003  2.7867429e+003  2.7868108e+003 -6.7988701e-002  9.1286911e+002  3.0940000e+001
  5.5915000e+003  2.7724718e+003  2.7727020e+003 -2.3019395e-001  1.0349699e+003  9.8600000e+000
  5.5920000e+003  2.7490417e+003  2.7485744e+003  4.6732961e-001  1.1295184e+003  5.7200000e+000
  5.5925000e+003  2.7505798e+003  2.7501105e+003  4.6930793e-001  1.3117454e+003  3.3000000e+000
  5.5930000e+003  2.7490417e+003  2.7494912e+003 -4.4945139e-001  1.3609883e+003  3.3400000e+000
  5.5935000e+003  2.7867429e+003  2.7878906e+003 -1.1477355e+000  1.3782146e+003  2.9400000e+000
  5.5940000e+003  2.8157044e+003  2.8161403e+003 -4.3590340e-001  1.3771226e+003  2.7800000e+000
  5.5945000e+003  2.7883234e+003  2.7872638e+003  1.0596426e+000  1.3201152e+003  2.4400000e+000
  5.5950000e+003  2.7931271e+003  2.7928445e+003  2.8260037e-001  1.3086493e+003  2.3600000e+000
  5.5955000e+003  2.7567993e+003  2.7549548e+003  1.8445408e+000  1.2777873e+003  2.4200000e+000
  5.5960000e+003  2.7063263e+003  2.7054391e+003  8.8721005e-001  1.2263739e+003  2.7800000e+000
  5.5965000e+003  2.6780772e+003  2.6768164e+003  1.2608123e+000  1.1752545e+003  3.3400000e+000
  5.5970000e+003  2.6898944e+003  2.6889766e+003  9.1776658e-001  1.1683020e+003  3.5600000e+000
  5.5975000e+003  2.7630470e+003  2.7633902e+003 -3.4318565e-001  1.2025796e+003  3.7400000e+000
  5.5980000e+003  2.8552693e+003  2.8560154e+003 -7.4610078e-001  1.3813310e+003  2.2400000e+000
  5.5985000e+003  2.8976689e+003  2.8992144e+003 -1.5455059e+000  1.3999935e+003  2.1200000e+000
  5.5990000e+003  2.8320557e+003  2.8332293e+003 -1.1735742e+000  1.3627559e+003  2.5600000e+000
  5.5995000e+003  2.7995408e+003  2.7983872e+003  1.1535290e+000  1.3062907e+003  3.0400000e+000
  5.6000000e+003  2.7947150e+003  2.7955544e+003 -8.3937783e-001  1.3267142e+003  3.1400000e+000
  5.6005000e+003  2.8124567e+003  2.8128117e+003 -3.5499441e-001  1.2912058e+003  3.2800000e+000
  5.6010000e+003  2.8075864e+003  2.8070953e+003  4.9107862e-001  1.2700412e+003  3.3200000e+000
  5.6015000e+003  2.8059839e+003  2.8073316e+003 -1.3476702e+000  1.2375556e+003  3.6600000e+000
  5.6020000e+003  2.7867429e+003  2.7861581e+003  5.8478626e-001  1.2279389e+003  3.3800000e+000
  5.6025000e+003  2.7867429e+003  2.7870524e+003 -3.0955459e-001  1.2094183e+003  3.7000000e+000
  5.6030000e+003  2.8737637e+003  2.8749041e+003 -1.1404374e+000  1.2858201e+003  3.0800000e+000
  5.6035000e+003  2.9149891e+003  2.9136391e+003  1.3499998e+000  1.3194072e+003  3.1600000e+000
  5.6040000e+003  2.9237410e+003  2.9250798e+003 -1.3388254e+000  1.3716336e+003  3.2000000e+000
  5.6045000e+003  2.9254809e+003  2.9268379e+003 -1.3570563e+000  1.3361235e+003  2.9800000e+000
  5.6050000e+003  2.8254925e+003  2.8267246e+003 -1.2321145e+000  1.2211705e+003  3.9400000e+000
  5.6055000e+003  2.7567993e+003  2.7570529e+003 -2.5356148e-001  1.1343470e+003  4.7000000e+000
  5.6060000e+003  2.7397753e+003  2.7391716e+003  6.0366404e-001  1.1085654e+003  5.3000000e+000
  5.6065000e+003  2.6988259e+003  2.6980468e+003  7.7914214e-001  1.0832177e+003  6.0600000e+000
  5.6070000e+003  2.7259800e+003  2.7264745e+003 -4.9447360e-001  1.1016589e+003  5.5600000e+000
  5.6075000e+003  2.7168681e+003  2.7162444e+003  6.2373442e-001  1.1260444e+003  5.1600000e+000
  5.6080000e+003  2.7787908e+003  2.7779178e+003  8.7299844e-001  1.1786569e+003  3.7600000e+000
  5.6085000e+003  2.7740614e+003  2.7738648e+003  1.9663717e-001  1.2293531e+003  3.4200000e+000
  5.6090000e+003  2.8157044e+003  2.8155858e+003  1.1854122e-001  1.2619535e+003  2.7400000e+000
  5.6095000e+003  2.7899313e+003  2.7909760e+003 -1.0446127e+000  1.2524780e+003  2.8400000e+000
  5.6100000e+003  2.7536860e+003  2.7522933e+003  1.3927855e+000  1.2020273e+003  2.9800000e+000
  5.6105000e+003  2.7397753e+003  2.7400119e+003 -2.3658562e-001  1.1932809e+003  3.5600000e+000
  5.6110000e+003  2.7397753e+003  2.7411181e+003 -1.3427896e+000  1.2062347e+003  3.8000000e+000
  5.6115000e+003  2.7078170e+003  2.7073971e+003  4.1986006e-001  1.2400393e+003  4.3800000e+000
  5.6120000e+003  2.7947150e+003  2.7962094e+003 -1.4943800e+000  1.2850560e+003  3.4400000e+000
  5.6125000e+003  2.8059839e+003  2.8051247e+003  8.5914660e-001  1.2623305e+003  3.3800000e+000
  5.6130000e+003  2.8205769e+003  2.8216384e+003 -1.0615404e+000  1.2248291e+003  3.0000000e+000
  5.6135000e+003  2.8173180e+003  2.8176438e+003 -3.2578098e-001  1.2210581e+003  2.8400000e+000
  5.6140000e+003  2.8942296e+003  2.8948962e+003 -6.6665735e-001  1.2668636e+003  2.5200000e+000
  5.6145000e+003  3.0846300e+003  2.9789216e+003  1.0570836e+002  1.3432189e+003  2.0000000e+000
  5.6150000e+003  3.2862534e+003  2.9627704e+003  3.2348300e+002  1.3458520e+003  2.0000000e+000
  5.6155000e+003  3.2147660e+003  3.0639925e+003  1.5077349e+002  1.4387201e+003  2.0000000e+000
  5.6160000e+003  3.1082218e+003  3.1063707e+003  1.8510955e+000  1.4400785e+003  2.5400000e+000
  5.6165000e+003  2.8907984e+003  2.8913284e+003 -5.2998620e-001  1.2329716e+003  4.3000000e+000
  5.6170000e+003  2.7599196e+003  2.7588179e+003  1.1016987e+000  1.1070686e+003  4.4400000e+000
  5.6175000e+003  2.8011359e+003  2.8021551e+003 -1.0192396e+000  1.1785818e+003  3.7000000e+000
  5.6180000e+003  2.8238433e+003  2.8252838e+003 -1.4404853e+000  1.3098722e+003  2.3600000e+000
  5.6185000e+003  2.8059839e+003  2.8055022e+003  4.8169580e-001  1.3117549e+003  3.6400000e+000
  5.6190000e+003  2.7867429e+003  2.7862996e+003  4.4327991e-001  1.3194939e+003  2.3600000e+000
  5.6195000e+003  2.7835616e+003  2.7842875e+003 -7.2583199e-001  1.2187163e+003  3.4600000e+000
  5.6200000e+003  2.7740614e+003  2.7747175e+003 -6.5610444e-001  1.2029237e+003  3.2000000e+000
  5.6205000e+003  2.7931271e+003  2.7934920e+003 -3.6482052e-001  1.2133997e+003  3.5800000e+000
  5.6210000e+003  2.7772210e+003  2.7761659e+003  1.0550396e+000  1.2430760e+003  3.0000000e+000
  5.6215000e+003  2.7963303e+003  2.7977056e+003 -1.3752917e+000  1.2509459e+003  2.6400000e+000
  5.6220000e+003  2.8602798e+003  2.8503474e+003  9.9324725e+000  1.3230888e+003  2.0000000e+000
  5.6225000e+003  2.9254809e+003  2.6826827e+003  2.4279820e+002  1.2497816e+003  2.0000000e+000
  5.6230000e+003  2.9097852e+003  2.7413468e+003  1.6843841e+002  1.3173166e+003  2.0000000e+000
  5.6235000e+003  2.8959620e+003  2.8953866e+003  5.7535800e-001  1.3337821e+003  3.5800000e+000
  5.6240000e+003  2.8027586e+003  2.8030185e+003 -2.5985867e-001  1.1731058e+003  7.1000000e+000
  5.6245000e+003  2.7899313e+003  2.7901847e+003 -2.5332701e-001  1.0903493e+003  7.3400000e+000
  5.6250000e+003  2.8011359e+003  2.8015609e+003 -4.2501895e-001  1.1553389e+003  4.5600000e+000
  5.6255000e+003  2.8108228e+003  2.8120122e+003 -1.1894261e+000  1.2258397e+003  3.6800000e+000
  5.6260000e+003  2.9028571e+003  2.9028070e+003  5.0182053e-002  1.3632951e+003  2.1000000e+000
  5.6265000e+003  2.9845777e+003  2.9849114e+003 -3.3370152e-001  1.3833471e+003  2.3400000e+000
  5.6270000e+003  3.1442940e+003  3.0772967e+003  6.6997313e+001  1.4410209e+003  2.0000000e+000
  5.6275000e+003  3.1708713e+003  3.1684275e+003  2.4437798e+000  1.4691902e+003  2.0800000e+000
  5.6280000e+003  3.1565049e+003  3.1464220e+003  1.0082827e+001  1.4809106e+003  2.0000000e+000
  5.6285000e+003  2.9395880e+003  2.9397018e+003 -1.1383931e-001  1.3403410e+003  2.8600000e+000
  5.6290000e+003  2.8124567e+003  2.8122704e+003  1.8639137e-001  1.2907815e+003  3.0800000e+000
  5.6295000e+003  2.7614949e+003  2.7626339e+003 -1.1390449e+000  1.1991075e+003  3.7600000e+000
  5.6300000e+003  2.7367003e+003  2.7369952e+003 -2.9484225e-001  1.0818129e+003  5.1400000e+000
  5.6305000e+003  3.2042050e+003  3.2055448e+003 -1.3398208e+000  1.4503918e+003  2.0800000e+000
  5.6310000e+003  3.3913769e+003  3.1198232e+003  2.7155372e+002  1.4485381e+003  2.0000000e+000
  5.6315000e+003  3.5493450e+003  2.9483266e+003  6.0101836e+002  1.3876404e+003  2.0000000e+000
  5.6320000e+003  3.5110151e+003  2.9639053e+003  5.4710979e+002  1.3896416e+003  2.0000000e+000
  5.6325000e+003  3.3220708e+003  2.9577887e+003  3.6428218e+002  1.3807546e+003  2.0000000e+000
  5.6330000e+003  2.7382246e+003  2.7386658e+003 -4.4111909e-001  1.2218325e+003  3.3200000e+000
  5.6335000e+003  2.6547516e+003  2.6534041e+003  1.3475262e+000  1.1719922e+003  3.8000000e+000
  5.6340000e+003  2.6533188e+003  2.6547014e+003 -1.3825993e+000  1.1775632e+003  3.8200000e+000
  5.6345000e+003  2.6766191e+003  2.6782595e+003 -1.6403862e+000  1.1838814e+003  3.7600000e+000
  5.6350000e+003  3.0575549e+003  3.0584248e+003 -8.6991224e-001  1.3600213e+003  2.6600000e+000
  5.6355000e+003  2.7630470e+003  2.7631109e+003 -6.3975654e-002  1.1061859e+003  4.8400000e+000
  5.6360000e+003  2.7899313e+003  2.7896781e+003  2.5320847e-001  1.1430226e+003  4.2600000e+000
  5.6365000e+003  2.7772210e+003  2.7785290e+003 -1.3080495e+000  1.2022204e+003  3.7000000e+000
  5.6370000e+003  2.8222222e+003  2.8235905e+003 -1.3682427e+000  1.2631435e+003  3.2600000e+000
  5.6375000e+003  2.7599196e+003  2.7604774e+003 -5.5777929e-001  1.1866155e+003  4.3200000e+000
  5.6380000e+003  2.7351532e+003  2.7357560e+003 -6.0286371e-001  1.1523908e+003  4.5800000e+000
  5.6385000e+003  2.7138443e+003  2.7141170e+003 -2.7263140e-001  1.1090395e+003  4.8200000e+000
  5.6390000e+003  2.7093333e+003  2.7084531e+003  8.8024265e-001  1.2426992e+003  3.1600000e+000
  5.6395000e+003  2.7275168e+003  2.7258055e+003  1.7112524e+000  1.3108559e+003  2.7800000e+000
  5.6400000e+003  2.7320886e+003  2.7336448e+003 -1.5561647e+000  1.4256772e+003  3.3400000e+000
  5.6405000e+003  2.7428571e+003  2.7416861e+003  1.1710833e+000  1.4153485e+003  3.6000000e+000
  5.6410000e+003  2.7275168e+003  2.7259227e+003  1.5941009e+000  1.3945643e+003  3.8800000e+000
  5.6415000e+003  2.7259800e+003  2.7267274e+003 -7.4737739e-001  1.3509263e+003  3.5400000e+000
  5.6420000e+003  2.7214286e+003  2.7200160e+003  1.4125288e+000  1.3098225e+003  3.5800000e+000
  5.6425000e+003  2.7413030e+003  2.7391668e+003  2.1362074e+000  1.3316127e+003  2.9800000e+000
  5.6430000e+003  2.7724718e+003  2.7739681e+003 -1.4962962e+000  1.2905577e+003  2.3600000e+000
  5.6435000e+003  3.0518148e+003  3.0320378e+003  1.9776990e+001  1.4116244e+003  2.0000000e+000
  5.6440000e+003  3.1463226e+003  3.1451464e+003  1.1761499e+000  1.4060286e+003  2.6800000e+000
  5.6445000e+003  3.3063051e+003  3.3073111e+003 -1.0060138e+000  1.5158517e+003  2.6400000e+000
  5.6450000e+003  3.2318091e+003  3.2303847e+003  1.4244808e+000  1.5872558e+003  4.2000000e+000
  5.6455000e+003  2.9664234e+003  2.9667411e+003 -3.1774480e-001  1.5154014e+003  4.2600000e+000
  5.6460000e+003  2.8502497e+003  2.8515015e+003 -1.2518211e+000  1.4560848e+003  4.5600000e+000
  5.6465000e+003  2.6973451e+003  2.6976596e+003 -3.1443588e-001  1.2494201e+003  4.3600000e+000
  5.6470000e+003  2.7108273e+003  2.7125204e+003 -1.6931116e+000  1.2843097e+003  3.9200000e+000
  5.6475000e+003  2.7033259e+003  2.7037499e+003 -4.2398806e-001  1.2201221e+003  3.9400000e+000
  5.6480000e+003  2.6928650e+003  2.6917867e+003  1.0783089e+000  1.2940349e+003  4.9200000e+000
  5.6485000e+003  2.6707557e+003  2.6712376e+003 -4.8182506e-001  1.2521696e+003  4.4800000e+000
  5.6490000e+003  2.6884234e+003  2.6879347e+003  4.8871521e-001  1.2884042e+003  4.0800000e+000
  5.6495000e+003  2.7153675e+003  2.7154046e+003 -3.7098838e-002  1.2460163e+003  3.5000000e+000
  5.6500000e+003  2.7229359e+003  2.7230804e+003 -1.4450522e-001  1.2573201e+003  3.0200000e+000
  5.6505000e+003  2.7443883e+003  2.7444626e+003 -7.4319268e-002  1.2427870e+003  3.0800000e+000
  5.6510000e+003  2.7772210e+003  2.7756179e+003  1.6030609e+000  1.2607482e+003  3.1200000e+000
  5.6515000e+003  2.8043574e+003  2.8053609e+003 -1.0034908e+000  1.1476366e+003  4.5400000e+000
  5.6520000e+003  2.8026115e+003  2.8017889e+003  8.2257392e-001  1.1393186e+003  4.4200000e+000
  5.6525000e+003  2.8008677e+003  2.8014505e+003 -5.8286270e-001  1.1524271e+003  4.1800000e+000
  5.6530000e+003  2.7991261e+003  2.7988814e+003  2.4466500e-001  1.2718604e+003  2.8600000e+000
  5.6535000e+003  2.7973866e+003  2.7970971e+003  2.8953066e-001  1.3363380e+003  3.0200000e+000
  5.6540000e+003  2.7956496e+003  2.7969976e+003 -1.3480282e+000  1.2607652e+003  3.2200000e+000
  5.6545000e+003  2.7939144e+003  2.7922050e+003  1.7094332e+000  1.2504618e+003  3.2200000e+000
  5.6550000e+003  2.7921815e+003  2.7911188e+003  1.0626304e+000  1.2545390e+003  3.2200000e+000
  5.6555000e+003  2.7904506e+003  2.7920379e+003 -1.5873200e+000  1.2609138e+003  3.3800000e+000
  5.6560000e+003  2.7887219e+003  2.7894227e+003 -7.0078059e-001  1.3169971e+003  3.3000000e+000
  5.6565000e+003  2.7869954e+003  2.7852419e+003  1.7534418e+000  1.3686825e+003  3.3600000e+000
  5.6570000e+003  2.7852712e+003  2.7857678e+003 -4.9654077e-001  1.3826804e+003  2.7400000e+000
  5.6575000e+003  2.7835489e+003  2.7834303e+003  1.1867256e-001  1.3669584e+003  3.0200000e+000
  5.6580000e+003  2.7818288e+003  2.7804584e+003  1.3703650e+000  1.2726415e+003  3.3800000e+000
  5.6585000e+003  2.7801108e+003  2.7805198e+003 -4.0903755e-001  1.1145477e+003  5.1400000e+000
  5.6590000e+003  2.7783948e+003  2.7790203e+003 -6.2546240e-001  1.1333067e+003  5.0400000e+000
  5.6595000e+003  2.7766811e+003  2.7757280e+003  9.5304036e-001  1.2367556e+003  3.9400000e+000
  5.6600000e+003  2.7749696e+003  2.7734207e+003  1.5488847e+000  1.2816814e+003  3.0600000e+000
  5.6605000e+003  2.7732601e+003  2.7730482e+003  2.1184679e-001  1.2793110e+003  2.8600000e+000
  5.6610000e+003  2.7715526e+003  2.7707610e+003  7.9160761e-001  1.2347787e+003  2.8400000e+000
  5.6615000e+003  2.7698472e+003  2.7717562e+003 -1.9089941e+000  1.2654179e+003  2.4000000e+000
  5.6620000e+003  2.7681440e+003  2.7675164e+003  6.2757748e-001  1.2773164e+003  2.2000000e+000
  5.6625000e+003  2.7664428e+003  2.7645962e+003  1.8465752e+000  1.2684331e+003  2.6800000e+000
  5.6630000e+003  2.7647440e+003  2.7632000e+003  1.5440084e+000  1.2353484e+003  3.5000000e+000
  5.6635000e+003  2.7630470e+003  2.7629943e+003  5.2680423e-002  1.0962917e+003  5.9600000e+000
  5.6640000e+003  2.6389610e+003  2.6386203e+003  3.4071375e-001  1.0039405e+003  8.1600000e+000
  5.6645000e+003  2.6810217e+003  2.6810990e+003 -7.7292938e-002  1.0170857e+003  7.9800000e+000
  5.6650000e+003  2.7413030e+003  2.7407675e+003  5.3556691e-001  1.0972004e+003  5.7400000e+000
  5.6655000e+003  2.6825083e+003  2.6821094e+003  3.9882519e-001  1.0686721e+003  5.7400000e+000
  5.6660000e+003  2.6810217e+003  2.6805766e+003  4.4514171e-001  1.2206066e+003  3.9600000e+000
  5.6665000e+003  2.6898944e+003  2.6884713e+003  1.4231058e+000  1.3275499e+003  3.5400000e+000
  5.6670000e+003  2.6928650e+003  2.6942731e+003 -1.4081423e+000  1.3498484e+003  3.4000000e+000
  5.6675000e+003  2.6943646e+003  2.6933285e+003  1.0361699e+000  1.3986372e+003  3.3000000e+000
  5.6680000e+003  2.6898944e+003  2.6886635e+003  1.2308453e+000  1.3121235e+003  3.5000000e+000
  5.6685000e+003  2.6869303e+003  2.6871267e+003 -1.9636489e-001  1.2840849e+003  3.2000000e+000
  5.6690000e+003  2.6973451e+003  2.6993392e+003 -1.9940363e+000  1.2711416e+003  2.9800000e+000
  5.6695000e+003  2.6898944e+003  2.6904013e+003 -5.0693881e-001  1.2331845e+003  2.6200000e+000
  5.6700000e+003  2.6825083e+003  2.6807428e+003  1.7654364e+000  1.2038697e+003  3.2600000e+000
  5.6705000e+003  2.6958421e+003  2.6972709e+003 -1.4287718e+000  1.1704062e+003  4.1400000e+000
  5.6710000e+003  2.6839728e+003  2.6834829e+003  4.8985367e-001  1.0258764e+003  6.9000000e+000
  5.6715000e+003  2.6839728e+003  2.6842691e+003 -2.9630623e-001  1.0174899e+003  8.0600000e+000
  5.6720000e+003  2.6810217e+003  2.6809819e+003  3.9822568e-002  9.6618448e+002  9.9000000e+000
  5.6725000e+003  2.6649180e+003  2.6650163e+003 -9.8251822e-002  9.3531880e+002  1.1340000e+001
  5.6730000e+003  2.6605449e+003  2.6602122e+003  3.3269627e-001  1.0286706e+003  8.2600000e+000
  5.6735000e+003  2.6591058e+003  2.6586122e+003  4.9360500e-001  1.2083871e+003  5.8000000e+000
  5.6740000e+003  2.6504348e+003  2.6505924e+003 -1.5765337e-001  1.3595849e+003  4.4400000e+000
  5.6745000e+003  2.6576451e+003  2.6566698e+003  9.7528076e-001  1.3685300e+003  4.1800000e+000
  5.6750000e+003  2.6692822e+003  2.6691360e+003  1.4627256e-001  1.3868647e+003  3.8400000e+000
  5.6755000e+003  2.6678337e+003  2.6696108e+003 -1.7771195e+000  1.3788277e+003  3.9200000e+000
  5.6760000e+003  2.6780772e+003  2.6785907e+003 -5.1348826e-001  1.3672506e+003  4.1600000e+000
  5.6765000e+003  2.6810217e+003  2.6822521e+003 -1.2303575e+000  1.3173956e+003  3.8200000e+000
  5.6770000e+003  2.6634510e+003  2.6647687e+003 -1.3177638e+000  1.1820005e+003  3.8000000e+000
  5.6775000e+003  2.6475570e+003  2.6468461e+003  7.1088511e-001  1.0541106e+003  4.9800000e+000
  5.6780000e+003  2.6446855e+003  2.6451187e+003 -4.3322468e-001  1.0433322e+003  5.3200000e+000
  5.6785000e+003  2.6418202e+003  2.6419730e+003 -1.5283039e-001  1.0406860e+003  6.4000000e+000
  5.6790000e+003  2.6389610e+003  2.6383894e+003  5.7165351e-001  1.0247720e+003  5.9000000e+000
  5.6795000e+003  2.6375224e+003  2.6370880e+003  4.3442603e-001  1.0201412e+003  6.0400000e+000
  5.6800000e+003  2.6418202e+003  2.6411607e+003  6.5941360e-001  1.0429530e+003  4.9400000e+000
  5.6805000e+003  2.6163090e+003  2.6165718e+003 -2.6283369e-001  1.0103475e+003  5.9800000e+000
  5.6810000e+003  2.6332613e+003  2.6336571e+003 -3.9576616e-001  1.0141151e+003  6.5600000e+000
  5.6815000e+003  2.6403784e+003  2.6409634e+003 -5.8501456e-001  9.9005834e+002  7.5400000e+000
  5.6820000e+003  2.6304207e+003  2.6309036e+003 -4.8286866e-001  1.0188892e+003  7.2000000e+000
  5.6825000e+003  2.6261599e+003  2.6258472e+003  3.1276847e-001  1.0063213e+003  7.7400000e+000
  5.6830000e+003  2.6191192e+003  2.6194753e+003 -3.5608632e-001  1.0862947e+003  5.3200000e+000
  5.6835000e+003  2.6375224e+003  2.6383826e+003 -8.6025409e-001  1.0415562e+003  5.7600000e+000
  5.6840000e+003  2.6375224e+003  2.6383546e+003 -8.3225527e-001  1.1331527e+003  4.2400000e+000
  5.6845000e+003  2.6332613e+003  2.6332078e+003  5.3540665e-002  1.0439864e+003  5.8400000e+000
  5.6850000e+003  2.6346726e+003  2.6352029e+003 -5.3038125e-001  1.0646965e+003  6.2600000e+000
  5.6855000e+003  2.6375224e+003  2.6374138e+003  1.0858292e-001  1.0691889e+003  7.7000000e+000
  5.6860000e+003  2.6375224e+003  2.6378018e+003 -2.7943346e-001  1.0711657e+003  8.2000000e+000
  5.6865000e+003  2.6389610e+003  2.6382286e+003  7.3245642e-001  1.2484840e+003  4.9600000e+000
  5.6870000e+003  2.6346726e+003  2.6331856e+003  1.4869544e+000  1.2824372e+003  3.8200000e+000
  5.6875000e+003  2.6304207e+003  2.6310992e+003 -6.7845746e-001  1.2402561e+003  3.5800000e+000
  5.6880000e+003  2.6261599e+003  2.6268541e+003 -6.9412976e-001  1.0344476e+003  6.2000000e+000
  5.6885000e+003  2.6418202e+003  2.6419460e+003 -1.2580312e-001  9.8087919e+002  8.0400000e+000
  5.6890000e+003  2.6361081e+003  2.6364898e+003 -3.8170435e-001  9.4786542e+002  9.4800000e+000
  5.6895000e+003  2.6461090e+003  2.6456976e+003  4.1141670e-001  9.8031364e+002  7.6000000e+000
  5.6900000e+003  2.6375224e+003  2.6374486e+003  7.3751374e-002  1.0107933e+003  7.1200000e+000
  5.6905000e+003  2.6518645e+003  2.6515134e+003  3.5107290e-001  9.8004680e+002  9.5800000e+000
  5.6910000e+003  2.6037262e+003  2.6039207e+003 -1.9452079e-001  8.5560561e+002  1.5460000e+001
  5.6915000e+003  2.6576451e+003  2.6574679e+003  1.7721463e-001  8.6623907e+002  1.4160000e+001
  5.6920000e+003  2.6562092e+003  2.6558722e+003  3.3695818e-001  9.3638346e+002  1.1300000e+001
  5.6925000e+003  2.6518645e+003  2.6519499e+003 -8.5415930e-002  1.0241919e+003  8.7200000e+000
  5.6930000e+003  2.6504348e+003  2.6508951e+003 -4.6027081e-001  1.0633755e+003  7.6200000e+000
  5.6935000e+003  2.6389610e+003  2.6394216e+003 -4.6052443e-001  1.1334466e+003  8.0600000e+000
  5.6940000e+003  2.8353488e+003  2.8353694e+003 -2.0569296e-002  1.2894652e+003  4.8400000e+000
  5.6945000e+003  3.0159406e+003  3.0177509e+003 -1.8103645e+000  1.5278944e+003  2.3600000e+000
  5.6950000e+003  3.2818304e+003  2.9591446e+003  3.2268579e+002  1.4660705e+003  2.0000000e+000
  5.6955000e+003  3.2318091e+003  2.9517075e+003  2.8010161e+002  1.5305625e+003  2.0000000e+000
  5.6960000e+003  3.0613936e+003  3.0597128e+003  1.6807491e+000  1.6289852e+003  2.1800000e+000
  5.6965000e+003  2.8737637e+003  2.8743567e+003 -5.9300585e-001  1.4494850e+003  3.4800000e+000
  5.6970000e+003  2.7229359e+003  2.7222185e+003  7.1739681e-001  1.0790778e+003  6.0800000e+000
  5.6975000e+003  2.7108273e+003  2.7113392e+003 -5.1194000e-001  9.8963320e+002  8.2800000e+000
  5.6980000e+003  2.7123471e+003  2.7119257e+003  4.2139472e-001  9.8038040e+002  8.6800000e+000
  5.6985000e+003  2.7048133e+003  2.7053815e+003 -5.6819184e-001  1.0287517e+003  7.6800000e+000
  5.6990000e+003  2.7138443e+003  2.7140575e+003 -2.1310675e-001  1.0834661e+003  6.0800000e+000
  5.6995000e+003  2.7244693e+003  2.7248557e+003 -3.8638633e-001  1.0684063e+003  5.8600000e+000
  5.7000000e+003  2.7275168e+003  2.7276067e+003 -8.9959537e-002  1.0677133e+003  5.7200000e+000
  5.7005000e+003  2.7883234e+003  2.7879630e+003  3.6047529e-001  1.1386007e+003  4.4600000e+000
  5.7010000e+003  2.7979218e+003  2.7966170e+003  1.3047968e+000  1.1789367e+003  3.6800000e+000
  5.7015000e+003  2.8092166e+003  2.8093295e+003 -1.1290898e-001  1.2013096e+003  3.5800000e+000
  5.7020000e+003  2.8075864e+003  2.8080117e+003 -4.2531017e-001  1.2237295e+003  4.0000000e+000
  5.7025000e+003  2.7756277e+003  2.7764128e+003 -7.8513572e-001  1.2911455e+003  3.2000000e+000
  5.7030000e+003  2.7336323e+003  2.7330114e+003  6.2092282e-001  1.2887876e+003  3.2800000e+000
  5.7035000e+003  2.7397753e+003  2.7381932e+003  1.5820513e+000  1.2361265e+003  3.5000000e+000
  5.7040000e+003  2.7123471e+003  2.7127090e+003 -3.6192703e-001  1.0676645e+003  5.0600000e+000
  5.7045000e+003  2.6839728e+003  2.6835304e+003  4.4234469e-001  1.0461296e+003  5.9600000e+000
  5.7050000e+003  2.6678337e+003  2.6682317e+003 -3.9804986e-001  1.0144302e+003  6.8800000e+000
  5.7055000e+003  2.6766191e+003  2.6762454e+003  3.7365019e-001  1.0379123e+003  8.3400000e+000
  5.7060000e+003  2.7443883e+003  2.7449284e+003 -5.4012612e-001  1.2365865e+003  6.6400000e+000
  5.7065000e+003  2.7787908e+003  2.7784386e+003  3.5211409e-001  1.3213762e+003  2.8800000e+000
  5.7070000e+003  2.7803877e+003  2.7793840e+003  1.0036652e+000  1.2588205e+003  2.7800000e+000
  5.7075000e+003  2.7583710e+003  2.7583573e+003  1.3753579e-002  1.1350004e+003  4.4800000e+000
  5.7080000e+003  2.7336323e+003  2.7335274e+003  1.0486971e-001  1.1121482e+003  5.2600000e+000
  5.7085000e+003  2.7536860e+003  2.7531878e+003  4.9820136e-001  1.1572159e+003  5.4000000e+000
  5.7090000e+003  2.8124567e+003  2.8118785e+003  5.7820184e-001  1.2009249e+003  6.8200000e+000
  5.7095000e+003  2.7867429e+003  2.7864411e+003  3.0174117e-001  1.1142897e+003  1.2300000e+001
  5.7100000e+003  2.7740614e+003  2.7737547e+003  3.0669295e-001  1.0648736e+003  1.1980000e+001
  5.7105000e+003  2.7397753e+003  2.7401575e+003 -3.8222810e-001  1.0573888e+003  8.4200000e+000
  5.7110000e+003  2.7048133e+003  2.7050316e+003 -2.1829392e-001  1.0599280e+003  5.8200000e+000
  5.7115000e+003  2.6247578e+003  2.6250790e+003 -3.2124532e-001  1.1083032e+003  4.5600000e+000
  5.7120000e+003  2.6079144e+003  2.6087118e+003 -7.9733102e-001  1.2145148e+003  3.6400000e+000
  5.7125000e+003  2.6289914e+003  2.6296170e+003 -6.2563363e-001  1.2639158e+003  3.3200000e+000
  5.7130000e+003  2.6576451e+003  2.6581186e+003 -4.7352819e-001  1.3131938e+003  3.3800000e+000
  5.7135000e+003  2.7063263e+003  2.7068893e+003 -5.6303352e-001  1.2922846e+003  3.0400000e+000
  5.7140000e+003  2.7740614e+003  2.7731711e+003  8.9035258e-001  1.2654938e+003  2.9400000e+000
  5.7145000e+003  2.8994055e+003  2.8989059e+003  4.9956755e-001  1.3316669e+003  2.4800000e+000
  5.7150000e+003  3.0328358e+003  3.0334991e+003 -6.6325736e-001  1.3313006e+003  2.8000000e+000
  5.7155000e+003  3.0460810e+003  3.0471491e+003 -1.0681621e+000  1.3369151e+003  3.1400000e+000
  5.7160000e+003  2.8959620e+003  2.8955403e+003  4.2173563e-001  1.2213224e+003  4.7800000e+000
  5.7165000e+003  2.8173180e+003  2.8180347e+003 -7.1673030e-001  1.2542081e+003  4.3400000e+000
  5.7170000e+003  2.6289914e+003  2.6291758e+003 -1.8448360e-001  1.2109000e+003  5.0400000e+000
  5.7175000e+003  2.6389610e+003  2.6379030e+003  1.0580751e+000  1.1529227e+003  4.5600000e+000
  5.7180000e+003  2.6418202e+003  2.6423829e+003 -5.6275257e-001  9.7316676e+002  8.0200000e+000
  5.7185000e+003  2.6418202e+003  2.6421698e+003 -3.4968007e-001  9.4970488e+002  9.7400000e+000
  5.7190000e+003  2.6795604e+003  2.6798285e+003 -2.6805872e-001  9.8628025e+002  8.4200000e+000
  5.7195000e+003  2.6795604e+003  2.6801162e+003 -5.5574743e-001  1.0542644e+003  6.3400000e+000
  5.7200000e+003  2.6839728e+003  2.6832634e+003  7.0933091e-001  1.2287204e+003  4.4000000e+000
  5.7205000e+003  2.6839728e+003  2.6846593e+003 -6.8650214e-001  1.2368051e+003  3.9200000e+000
  5.7210000e+003  2.7138443e+003  2.7139417e+003 -9.7382690e-002  1.2358394e+003  3.9000000e+000
  5.7215000e+003  2.7214286e+003  2.7207231e+003  7.0549507e-001  1.0760296e+003  5.7600000e+000
  5.7220000e+003  2.7198986e+003  2.7198297e+003  6.8927822e-002  1.0885678e+003  5.0800000e+000
  5.7225000e+003  2.7244693e+003  2.7239952e+003  4.7405137e-001  1.0796533e+003  5.6000000e+000
  5.7230000e+003  2.7320886e+003  2.7327182e+003 -6.2956768e-001  1.1257498e+003  5.0600000e+000
  5.7235000e+003  2.7397753e+003  2.7402601e+003 -4.8479521e-001  1.1804119e+003  5.5400000e+000
  5.7240000e+003  2.7567993e+003  2.7577027e+003 -9.0344409e-001  1.3330166e+003  2.9400000e+000
  5.7245000e+003  2.7599196e+003  2.7608590e+003 -9.3941261e-001  1.2633243e+003  2.7400000e+000
  5.7250000e+003  2.7614949e+003  2.7612413e+003  2.5356528e-001  1.1629248e+003  6.8200000e+000
  5.7255000e+003  2.7693230e+003  2.7694249e+003 -1.0186517e-001  1.0858308e+003  1.5660000e+001
  5.7260000e+003  2.7835616e+003  2.7836543e+003 -9.2689802e-002  1.0467500e+003  1.5740000e+001
  5.7265000e+003  2.7963303e+003  2.7966553e+003 -3.2503395e-001  1.1463360e+003  5.6800000e+000
  5.7270000e+003  2.8059839e+003  2.8054375e+003  5.4636224e-001  1.2784734e+003  2.5800000e+000
  5.7275000e+003  2.8271173e+003  2.8264253e+003  6.9204069e-001  1.3203267e+003  2.3000000e+000
  5.7280000e+003  2.8402896e+003  2.8414492e+003 -1.1595983e+000  1.3351067e+003  2.6000000e+000
  5.7285000e+003  2.9011165e+003  2.9002391e+003  8.7732642e-001  1.3908974e+003  2.6200000e+000
  5.7290000e+003  2.9080362e+003  2.9073880e+003  6.4820822e-001  1.3412828e+003  2.6800000e+000
  5.7295000e+003  2.9254809e+003  2.9260712e+003 -5.9032866e-001  1.2608123e+003  3.5000000e+000
  5.7300000e+003  2.8771546e+003  2.8765206e+003  6.3400620e-001  1.2095318e+003  4.6000000e+000
  5.7305000e+003  2.8436019e+003  2.8438958e+003 -2.9391920e-001  1.2179398e+003  5.4200000e+000
  5.7310000e+003  2.8108228e+003  2.8115867e+003 -7.6388086e-001  1.2500445e+003  5.5600000e+000
  5.7315000e+003  2.7819611e+003  2.7814869e+003  4.7417058e-001  1.2449970e+003  6.5200000e+000
  5.7320000e+003  2.7772210e+003  2.7779166e+003 -6.9564681e-001  1.3678068e+003  4.1400000e+000
  5.7325000e+003  2.8157044e+003  2.8168522e+003 -1.1478112e+000  1.4295349e+003  3.7400000e+000
  5.7330000e+003  2.8336882e+003  2.8314441e+003  2.2440409e+000  1.4070966e+003  2.5800000e+000
  5.7335000e+003  2.8687059e+003  2.8695487e+003 -8.4279730e-001  1.4205649e+003  2.4800000e+000
  5.7340000e+003  2.9149891e+003  2.9140582e+003  9.3085226e-001  1.4059904e+003  2.2400000e+000
  5.7345000e+003  2.9700365e+003  2.9697741e+003  2.6240037e-001  1.3908152e+003  2.1600000e+000
  5.7350000e+003  3.1141762e+003  3.0004704e+003  1.1370582e+002  1.3977403e+003  2.0000000e+000
  5.7355000e+003  3.2447106e+003  3.0781991e+003  1.6651143e+002  1.4204901e+003  2.0000000e+000
  5.7360000e+003  3.2774194e+003  3.2308672e+003  4.6552127e+001  1.4820579e+003  2.0000000e+000
  5.7365000e+003  3.2147660e+003  3.2137979e+003  9.6810084e-001  1.4535373e+003  2.4200000e+000
  5.7370000e+003  3.0729679e+003  3.0732433e+003 -2.7547140e-001  1.3589753e+003  3.2000000e+000
  5.7375000e+003  2.9115085e+003  2.9119974e+003 -4.8893953e-001  1.2819118e+003  3.4400000e+000
  5.7380000e+003  2.9431361e+003  2.9435030e+003 -3.6698050e-001  1.4284646e+003  2.3600000e+000
  5.7385000e+003  2.8754717e+003  2.8751020e+003  3.6967975e-001  1.3977514e+003  2.3600000e+000
  5.7390000e+003  2.9718319e+003  2.9694704e+003  2.3615873e+000  1.4881466e+003  2.3000000e+000
  5.7395000e+003  3.0518148e+003  3.0525286e+003 -7.1379958e-001  1.5754272e+003  2.1600000e+000
  5.7400000e+003  2.9955774e+003  2.9960915e+003 -5.1414577e-001  1.5218285e+003  2.5200000e+000
  5.7405000e+003  3.2382470e+003  3.0774994e+003  1.6074757e+002  1.5423527e+003  2.0000000e+000
  5.7410000e+003  3.2577154e+003  3.0406715e+003  2.1704396e+002  1.4556916e+003  2.0000000e+000
  5.7415000e+003  3.4587234e+003  2.9018033e+003  5.5692014e+002  1.3698129e+003  2.0000000e+000
  5.7420000e+003  3.4008368e+003  2.8384499e+003  5.6238689e+002  1.3342130e+003  2.0000000e+000
  5.7425000e+003  3.2929102e+003  2.8373334e+003  4.5557675e+002  1.3341579e+003  2.0000000e+000
  5.7430000e+003  3.2126482e+003  2.9306055e+003  2.8204268e+002  1.3788413e+003  2.0000000e+000
  5.7435000e+003  2.9628190e+003  2.9095298e+003  5.3289176e+001  1.3623114e+003  2.0000000e+000
  5.7440000e+003  2.8419580e+003  2.8398358e+003  2.1222410e+000  1.2999355e+003  2.5800000e+000
  5.7445000e+003  2.7259800e+003  2.7247669e+003  1.2131176e+000  1.1825765e+003  3.9000000e+000
  5.7450000e+003  2.5599892e+003  2.5605442e+003 -5.5494952e-001  1.0186271e+003  6.2600000e+000
  5.7455000e+003  2.5667368e+003  2.5670149e+003 -2.7809663e-001  1.0903645e+003  5.0200000e+000
  5.7460000e+003  2.5816725e+003  2.5824330e+003 -7.6052345e-001  1.1229265e+003  4.4600000e+000
  5.7465000e+003  2.5995736e+003  2.5993872e+003  1.8632434e-001  1.1315967e+003  4.6200000e+000
  5.7470000e+003  2.5857900e+003  2.5870632e+003 -1.2731408e+000  1.1275590e+003  4.6000000e+000
  5.7475000e+003  2.6163090e+003  2.6165522e+003 -2.4322326e-001  9.5844320e+002  8.3000000e+000
  5.7480000e+003  2.6361081e+003  2.6359010e+003  2.0715387e-001  9.8178947e+002  7.2600000e+000
  5.7485000e+003  2.6810217e+003  2.6807242e+003  2.9753403e-001  1.0269460e+003  6.3400000e+000
  5.7490000e+003  2.7583710e+003  2.7575493e+003  8.2178042e-001  1.1161149e+003  4.7000000e+000
  5.7495000e+003  2.7867429e+003  2.7864392e+003  3.0366776e-001  1.1348403e+003  4.4600000e+000
  5.7500000e+003  2.8027586e+003  2.8026522e+003  1.0643100e-001  1.1271003e+003  4.9200000e+000
  5.7505000e+003  2.8157044e+003  2.8165552e+003 -8.5083999e-001  1.1414336e+003  5.0200000e+000
  5.7510000e+003  2.8222222e+003  2.8223194e+003 -9.7142394e-002  1.1587301e+003  4.7000000e+000
  5.7515000e+003  2.8873753e+003  2.8884277e+003 -1.0523924e+000  1.2447948e+003  3.9800000e+000
  5.7520000e+003  2.9466927e+003  2.9462264e+003  4.6626460e-001  1.3171203e+003  3.3000000e+000
  5.7525000e+003  2.9502580e+003  2.9509124e+003 -6.5448191e-001  1.3444815e+003  3.7800000e+000
  5.7530000e+003  2.9219752e+003  2.9211674e+003  8.0776647e-001  1.2813656e+003  3.9800000e+000
  5.7535000e+003  2.8737637e+003  2.8741870e+003 -4.2331648e-001  1.2030430e+003  4.8000000e+000
  5.7540000e+003  2.8027586e+003  2.8021941e+003  5.6456875e-001  1.1297951e+003  5.2400000e+000
  5.7545000e+003  2.8027586e+003  2.8037773e+003 -1.0186317e+000  1.1710966e+003  3.9400000e+000
  5.7550000e+003  2.8140666e+003  2.8129026e+003  1.1640881e+000  1.1676468e+003  4.2200000e+000
  5.7555000e+003  2.8469219e+003  2.8470985e+003 -1.7664287e-001  1.1911835e+003  3.9600000e+000
  5.7560000e+003  2.8254925e+003  2.8245667e+003  9.2574928e-001  1.1765649e+003  3.9600000e+000
  5.7565000e+003  2.8173180e+003  2.8166237e+003  6.9432561e-001  1.2539208e+003  3.0000000e+000
  5.7570000e+003  2.7599196e+003  2.7605104e+003 -5.9083227e-001  1.2022710e+003  3.3600000e+000
  5.7575000e+003  2.7123471e+003  2.7123852e+003 -3.8106630e-002  1.0916878e+003  4.8400000e+000
  5.7580000e+003  2.7536860e+003  2.7526369e+003  1.0490946e+000  1.1447046e+003  4.5800000e+000
  5.7585000e+003  2.8238433e+003  2.8242313e+003 -3.8802736e-001  1.2997585e+003  2.8800000e+000
  5.7590000e+003  2.9028571e+003  2.9003679e+003  2.4891965e+000  1.3664953e+003  2.2600000e+000
  5.7595000e+003  2.9955774e+003  2.9360806e+003  5.9496813e+001  1.3701818e+003  2.0000000e+000
  5.7600000e+003  3.0422805e+003  2.9160821e+003  1.2619842e+002  1.3772444e+003  2.0000000e+000
  5.7605000e+003  2.9863908e+003  2.8418328e+003  1.4455795e+002  1.3421422e+003  2.0000000e+000
  5.7610000e+003  2.9736585e+003  2.8865471e+003  8.7111420e+001  1.3612018e+003  2.0000000e+000
  5.7615000e+003  2.9790936e+003  2.9460125e+003  3.3081079e+001  1.3853448e+003  2.0000000e+000
  5.7620000e+003  2.9937238e+003  2.9923620e+003  1.3618099e+000  1.3450428e+003  2.4200000e+000
  5.7625000e+003  3.0159406e+003  3.0179225e+003 -1.9819054e+000  1.3799756e+003  2.2200000e+000
  5.7630000e+003  2.9718319e+003  2.9720621e+003 -2.3018400e-001  1.3631042e+003  2.0600000e+000
  5.7635000e+003  2.8994055e+003  2.8995740e+003 -1.6857431e-001  1.2442804e+003  3.1400000e+000
  5.7640000e+003  2.8552693e+003  2.8563643e+003 -1.0949631e+000  1.1826349e+003  4.0600000e+000
  5.7645000e+003  2.7787908e+003  2.7788718e+003 -8.1052495e-002  1.1189666e+003  4.7800000e+000
  5.7650000e+003  2.7490417e+003  2.7486383e+003  4.0341858e-001  1.0927665e+003  5.2400000e+000
  5.7655000e+003  2.7583710e+003  2.7574965e+003  8.7453575e-001  1.0985231e+003  5.3000000e+000
  5.7660000e+003  2.7275168e+003  2.7272866e+003  2.3021280e-001  1.0739142e+003  5.6200000e+000
  5.7665000e+003  2.7351532e+003  2.7348322e+003  3.2097893e-001  1.1122520e+003  4.6800000e+000
  5.7670000e+003  2.7567993e+003  2.7570151e+003 -2.1585189e-001  1.1351549e+003  4.3200000e+000
  5.7675000e+003  2.7835616e+003  2.7845174e+003 -9.5572534e-001  1.1668471e+003  4.3200000e+000
  5.7680000e+003  2.8173180e+003  2.8169463e+003  3.7171244e-001  1.1958631e+003  4.1000000e+000
  5.7685000e+003  2.9378313e+003  2.9389466e+003 -1.1152722e+000  1.3017023e+003  2.9400000e+000
  5.7690000e+003  2.9992620e+003  3.0003770e+003 -1.1150475e+000  1.3641738e+003  2.1200000e+000
  5.7695000e+003  2.9992620e+003  2.9696629e+003  2.9599048e+001  1.3685341e+003  2.0000000e+000
  5.7700000e+003  2.9827377e+003  2.9824729e+003  2.6482825e-001  1.3654682e+003  2.2800000e+000
  5.7705000e+003  2.9502580e+003  2.9510091e+003 -7.5119119e-001  1.3036789e+003  3.1400000e+000
  5.7710000e+003  2.8942296e+003  2.8940063e+003  2.2333182e-001  1.2419939e+003  3.6800000e+000
  5.7715000e+003  2.8754717e+003  2.8759414e+003 -4.6965307e-001  1.2075085e+003  3.5800000e+000
  5.7720000e+003  2.8552693e+003  2.8552440e+003  2.5366265e-002  1.1916311e+003  3.6600000e+000
  5.7725000e+003  2.7963303e+003  2.7972618e+003 -9.3148017e-001  1.1375916e+003  4.3200000e+000
  5.7730000e+003  2.7614949e+003  2.7609012e+003  5.9371823e-001  1.1030900e+003  4.8000000e+000
  5.7735000e+003  2.7413030e+003  2.7408752e+003  4.2784308e-001  1.0985238e+003  4.7800000e+000
  5.7740000e+003  2.7443883e+003  2.7450775e+003 -6.8915229e-001  1.1172302e+003  4.8000000e+000
  5.7745000e+003  2.7459459e+003  2.7460734e+003 -1.2745938e-001  1.1229930e+003  4.9400000e+000
  5.7750000e+003  2.8157044e+003  2.8163292e+003 -6.2482473e-001  1.1836820e+003  3.7200000e+000
  5.7755000e+003  2.8535852e+003  2.8533746e+003  2.1065735e-001  1.2103620e+003  3.4800000e+000
  5.7760000e+003  2.9307692e+003  2.9314626e+003 -6.9333541e-001  1.2754657e+003  2.8200000e+000
  5.7765000e+003  2.8788666e+003  2.8785398e+003  3.2676450e-001  1.2406001e+003  2.9800000e+000
  5.7770000e+003  2.8092166e+003  2.8081914e+003  1.0251461e+000  1.1840196e+003  3.4600000e+000
  5.7775000e+003  2.7931271e+003  2.7936488e+003 -5.2169555e-001  1.1710734e+003  3.8600000e+000
  5.7780000e+003  2.7963303e+003  2.7957719e+003  5.5834705e-001  1.2103485e+003  3.4200000e+000
  5.7785000e+003  2.8485981e+003  2.8478285e+003  7.6967973e-001  1.3058161e+003  2.4400000e+000
  5.7790000e+003  2.8771546e+003  2.8752496e+003  1.9049720e+000  1.3298070e+003  2.1400000e+000
  5.7795000e+003  2.9272509e+003  2.8926576e+003  3.4593315e+001  1.3472370e+003  2.0000000e+000
  5.7800000e+003  2.9736585e+003  2.9146125e+003  5.9046035e+001  1.3597019e+003  2.0000000e+000
  5.7805000e+003  3.1402447e+003  2.9719872e+003  1.6825745e+002  1.3787980e+003  2.0000000e+000
  5.7810000e+003  3.1422680e+003  3.0082461e+003  1.3402191e+002  1.3872258e+003  2.0000000e+000
  5.7815000e+003  3.0290683e+003  3.0299704e+003 -9.0205131e-001  1.3563672e+003  2.2800000e+000
  5.7820000e+003  2.8602798e+003  2.8608131e+003 -5.3323267e-001  1.3259187e+003  2.3800000e+000
  5.7825000e+003  2.7931271e+003  2.7913760e+003  1.7511028e+000  1.2715874e+003  3.1200000e+000
  5.7830000e+003  2.7521445e+003  2.7518872e+003  2.5726226e-001  1.2334856e+003  3.7200000e+000
  5.7835000e+003  2.7931271e+003  2.7937044e+003 -5.7726048e-001  1.1537499e+003  4.9000000e+000
  5.7840000e+003  2.7867429e+003  2.7861654e+003  5.7742434e-001  1.1104163e+003  5.3800000e+000
  5.7845000e+003  2.8369851e+003  2.8372059e+003 -2.2082201e-001  1.1711252e+003  4.3200000e+000
  5.7850000e+003  2.8586166e+003  2.8598446e+003 -1.2279862e+000  1.2335766e+003  3.2200000e+000
  5.7855000e+003  2.9574144e+003  2.9562913e+003  1.1230869e+000  1.3570855e+003  2.4200000e+000
  5.7860000e+003  2.9809291e+003  2.9308595e+003  5.0069577e+001  1.3682011e+003  2.0000000e+000
  5.7865000e+003  2.9718319e+003  2.9488758e+003  2.2956099e+001  1.3933704e+003  2.0000000e+000
  5.7870000e+003  2.9646056e+003  2.9095536e+003  5.5052021e+001  1.3630823e+003  2.0000000e+000
  5.7875000e+003  2.9360485e+003  2.9370488e+003 -1.0003046e+000  1.3502755e+003  2.5200000e+000
  5.7880000e+003  2.8419580e+003  2.8417968e+003  1.6120376e-001  1.3015176e+003  2.8200000e+000
  5.7885000e+003  2.8409046e+003  2.8408383e+003  6.6298716e-002  1.2848256e+003  2.9200000e+000
  5.7890000e+003  2.8398519e+003  2.8391944e+003  6.5752591e-001  1.3028546e+003  2.5400000e+000
  5.7895000e+003  2.8387998e+003  2.8378747e+003  9.2505995e-001  1.2977890e+003  2.5200000e+000
  5.7900000e+003  2.8377486e+003  2.8388791e+003 -1.1304870e+000  1.2540064e+003  3.0800000e+000
  5.7905000e+003  2.8366983e+003  2.8364105e+003  2.8778362e-001  1.1686884e+003  4.0600000e+000
  5.7910000e+003  2.8356485e+003  2.8352034e+003  4.4510705e-001  1.1551715e+003  4.4200000e+000
  5.7915000e+003  2.8345997e+003  2.8336805e+003  9.1920899e-001  1.1567886e+003  4.6400000e+000
  5.7920000e+003  2.8335517e+003  2.8345326e+003 -9.8086642e-001  1.2674166e+003  4.2200000e+000
  5.7925000e+003  2.8325042e+003  2.8332932e+003 -7.8898398e-001  1.3429607e+003  3.1400000e+000
  5.7930000e+003  2.8314578e+003  2.8323395e+003 -8.8171014e-001  1.3122695e+003  2.6000000e+000
  5.7935000e+003  2.8304121e+003  2.8290008e+003  1.4112425e+000  1.2789166e+003  2.7800000e+000
  5.7940000e+003  2.8293672e+003  2.8287612e+003  6.0591266e-001  1.2193718e+003  3.4800000e+000
  5.7945000e+003  2.8283230e+003  2.8278597e+003  4.6327247e-001  1.1606490e+003  4.2200000e+000
  5.7950000e+003  2.8272794e+003  2.8269544e+003  3.2495296e-001  1.1591790e+003  4.2400000e+000
  5.7955000e+003  2.8262368e+003  2.8274689e+003 -1.2320700e+000  1.1940444e+003  3.6200000e+000
  5.7960000e+003  2.8251950e+003  2.8268065e+003 -1.6114971e+000  1.2365450e+003  3.0200000e+000
  5.7965000e+003  2.8241536e+003  2.8256534e+003 -1.4997871e+000  1.2731955e+003  2.6600000e+000
  5.7970000e+003  2.8231133e+003  2.8239370e+003 -8.2369251e-001  1.1646962e+003  4.1800000e+000
  5.7975000e+003  2.8220738e+003  2.8221336e+003 -5.9817510e-002  1.2085299e+003  3.9400000e+000
  5.7980000e+003  2.8210348e+003  2.8222406e+003 -1.2058537e+000  1.2098256e+003  3.8000000e+000
  5.7985000e+003  2.8199968e+003  2.8203339e+003 -3.3712832e-001  1.2760694e+003  2.7600000e+000
  5.7990000e+003  2.8189595e+003  2.8192788e+003 -3.1928912e-001  1.1903451e+003  3.4200000e+000
  5.7995000e+003  2.8469219e+003  2.8482609e+003 -1.3389711e+000  1.2108221e+003  3.3200000e+000
  5.8000000e+003  2.9011165e+003  2.9025068e+003 -1.3903611e+000  1.2422071e+003  3.2000000e+000
  5.8005000e+003  3.0885370e+003  3.0620024e+003  2.6534627e+001  1.3972560e+003  2.0000000e+000
  5.8010000e+003  3.1958060e+003  3.0715852e+003  1.2422086e+002  1.4055300e+003  2.0000000e+000
  5.8015000e+003  3.2642570e+003  3.0791312e+003  1.8512584e+002  1.4045646e+003  2.0000000e+000
  5.8020000e+003  3.1585492e+003  3.1589879e+003 -4.3866621e-001  1.4365342e+003  2.0400000e+000
  5.8025000e+003  3.0460810e+003  3.0479437e+003 -1.8627077e+000  1.3501730e+003  2.3800000e+000
  5.8030000e+003  2.9538318e+003  2.9555483e+003 -1.7164700e+000  1.3537079e+003  2.1200000e+000
  5.8035000e+003  2.9115085e+003  2.8856989e+003  2.5809613e+001  1.3456822e+003  2.0000000e+000
  5.8040000e+003  2.8703808e+003  2.8716253e+003 -1.2444603e+000  1.3324450e+003  2.1000000e+000
  5.8045000e+003  2.8602798e+003  2.8590889e+003  1.1908853e+000  1.2595537e+003  2.7200000e+000
  5.8050000e+003  2.8535852e+003  2.8540175e+003 -4.3230540e-001  1.2517036e+003  2.8800000e+000
  5.8055000e+003  2.8925267e+003  2.8921962e+003  3.3053579e-001  1.2647446e+003  2.8800000e+000
  5.8060000e+003  2.9011165e+003  2.9020217e+003 -9.0522836e-001  1.2541734e+003  3.2600000e+000
  5.8065000e+003  2.9097852e+003  2.9105193e+003 -7.3405455e-001  1.2561871e+003  3.4400000e+000
  5.8070000e+003  2.9097852e+003  2.9098320e+003 -4.6781801e-002  1.2524144e+003  3.5000000e+000
  5.8075000e+003  2.8636389e+003  2.8628757e+003  7.6327138e-001  1.2097781e+003  3.6000000e+000
  5.8080000e+003  2.8369851e+003  2.8360133e+003  9.7175449e-001  1.2177721e+003  3.1400000e+000
  5.8085000e+003  2.8124567e+003  2.8124790e+003 -2.2254747e-002  1.2360995e+003  2.9400000e+000
  5.8090000e+003  2.8027586e+003  2.8023003e+003  4.5833218e-001  1.1622794e+003  3.7800000e+000
  5.8095000e+003  2.7947150e+003  2.7957155e+003 -1.0005323e+000  1.1261183e+003  4.7800000e+000
  5.8100000e+003  2.8011359e+003  2.8015493e+003 -4.1340444e-001  1.1353005e+003  4.7800000e+000
  5.8105000e+003  2.7851386e+003  2.7861445e+003 -1.0059208e+000  1.1468336e+003  4.1200000e+000
  5.8110000e+003  2.8043574e+003  2.8035068e+003  8.5065747e-001  1.1593866e+003  4.0800000e+000
  5.8115000e+003  2.7883234e+003  2.7885427e+003 -2.1923659e-001  1.1524361e+003  3.9800000e+000
  5.8120000e+003  2.7851386e+003  2.7860816e+003 -9.4293852e-001  1.1557056e+003  3.8400000e+000
  5.8125000e+003  2.7787908e+003  2.7790535e+003 -2.6273493e-001  1.1922011e+003  3.3800000e+000
  5.8130000e+003  2.7819611e+003  2.7828776e+003 -9.1652415e-001  1.1538716e+003  3.8800000e+000
  5.8135000e+003  2.7995408e+003  2.7992604e+003  2.8033490e-001  1.1668141e+003  3.7000000e+000
  5.8140000e+003  2.8043574e+003  2.8043456e+003  1.1871559e-002  1.1749231e+003  3.6600000e+000
  5.8145000e+003  2.8140666e+003  2.8129919e+003  1.0746916e+000  1.1920867e+003  3.3600000e+000
  5.8150000e+003  2.8238433e+003  2.8234686e+003  3.7472484e-001  1.1937457e+003  3.7000000e+000
  5.8155000e+003  2.8173180e+003  2.8163443e+003  9.7371194e-001  1.1929212e+003  3.8200000e+000
  5.8160000e+003  2.8173180e+003  2.8169512e+003  3.6682243e-001  1.1817870e+003  4.1600000e+000
  5.8165000e+003  2.8254925e+003  2.8266450e+003 -1.1524867e+000  1.1899482e+003  4.0200000e+000
  5.8170000e+003  2.8271173e+003  2.8280052e+003 -8.8788988e-001  1.2258476e+003  3.2400000e+000
  5.8175000e+003  2.8519298e+003  2.8533019e+003 -1.3720351e+000  1.3197964e+003  2.1800000e+000
  5.8180000e+003  2.8569286e+003  2.8346087e+003  2.2319946e+001  1.3212054e+003  2.0000000e+000
  5.8185000e+003  2.8452742e+003  2.7758160e+003  6.9458164e+001  1.2964474e+003  2.0000000e+000
  5.8190000e+003  2.8402896e+003  2.8198026e+003  2.0487018e+001  1.3410692e+003  2.0000000e+000
  5.8195000e+003  2.8353488e+003  2.8378476e+003 -2.4988081e+000  1.3567066e+003  2.2200000e+000
  5.8200000e+003  2.8140666e+003  2.8146288e+003 -5.6211113e-001  1.2226593e+003  3.5000000e+000
  5.8205000e+003  2.8222222e+003  2.8215294e+003  6.9286016e-001  1.2019735e+003  3.4800000e+000
  5.8210000e+003  2.8386496e+003  2.8399826e+003 -1.3330477e+000  1.1960883e+003  3.5200000e+000
  5.8215000e+003  2.8336882e+003  2.8334050e+003  2.8319886e-001  1.1909500e+003  3.5400000e+000
  5.8220000e+003  2.8386496e+003  2.8388261e+003 -1.7652826e-001  1.2053035e+003  3.4000000e+000
  5.8225000e+003  2.8027586e+003  2.8016365e+003  1.1221700e+000  1.2016042e+003  3.1000000e+000
  5.8230000e+003  2.8452742e+003  2.8459015e+003 -6.2724274e-001  1.2043158e+003  3.3600000e+000
  5.8235000e+003  2.8703808e+003  2.8698693e+003  5.1151419e-001  1.2077985e+003  3.5800000e+000
  5.8240000e+003  2.8687059e+003  2.8691753e+003 -4.6941579e-001  1.2199192e+003  3.2600000e+000
  5.8245000e+003  2.8976689e+003  2.8964289e+003  1.2400173e+000  1.2549052e+003  2.7800000e+000
  5.8250000e+003  2.8636389e+003  2.8638911e+003 -2.5220160e-001  1.2879146e+003  2.3800000e+000
  5.8255000e+003  2.8402896e+003  2.8406061e+003 -3.1651469e-001  1.2288292e+003  2.8800000e+000
  5.8260000e+003  2.8353488e+003  2.8343967e+003  9.5212333e-001  1.2152385e+003  3.2200000e+000
  5.8265000e+003  2.8238433e+003  2.8231562e+003  6.8714289e-001  1.1910694e+003  3.6800000e+000
  5.8270000e+003  2.8108228e+003  2.8098902e+003  9.3260643e-001  1.1781147e+003  3.7400000e+000
  5.8275000e+003  2.8059839e+003  2.8047369e+003  1.2469936e+000  1.1674429e+003  3.7600000e+000
  5.8280000e+003  2.7995408e+003  2.8010438e+003 -1.5029987e+000  1.2416900e+003  2.8800000e+000
  5.8285000e+003  2.7947150e+003  2.7935776e+003  1.1373545e+000  1.2154668e+003  3.2600000e+000
  5.8290000e+003  2.7803877e+003  2.7788753e+003  1.5123363e+000  1.2411279e+003  2.9800000e+000
  5.8295000e+003  2.7899313e+003  2.7902154e+003 -2.8406492e-001  1.1589926e+003  4.0400000e+000
  5.8300000e+003  2.7851386e+003  2.7846956e+003  4.4300221e-001  1.1615089e+003  4.1400000e+000
  5.8305000e+003  2.8043574e+003  2.8048957e+003 -5.3828024e-001  1.1893220e+003  3.7200000e+000
  5.8310000e+003  2.8173180e+003  2.8173947e+003 -7.6657169e-002  1.1950950e+003  3.3600000e+000
  5.8315000e+003  2.8386496e+003  2.8397726e+003 -1.1229722e+000  1.2921853e+003  2.4200000e+000
  5.8320000e+003  2.8822695e+003  2.8836614e+003 -1.3919296e+000  1.2387769e+003  3.0800000e+000
  5.8325000e+003  2.8907984e+003  2.8904417e+003  3.5666204e-001  1.2328101e+003  3.4000000e+000
  5.8330000e+003  2.8805534e+003  2.8803761e+003  1.7731751e-001  1.2059887e+003  3.9000000e+000
  5.8335000e+003  2.8788666e+003  2.8795302e+003 -6.6359874e-001  1.2131632e+003  3.8000000e+000
  5.8340000e+003  2.8436019e+003  2.8441543e+003 -5.5243038e-001  1.2044632e+003  3.6200000e+000
  5.8345000e+003  2.8386496e+003  2.8386106e+003  3.9009934e-002  1.2105358e+003  3.4600000e+000
  5.8350000e+003  2.8586166e+003  2.8573635e+003  1.2531838e+000  1.2414119e+003  3.0800000e+000
  5.8355000e+003  2.8619718e+003  2.8619836e+003 -1.1737639e-002  1.2339142e+003  3.1800000e+000
  5.8360000e+003  2.8636389e+003  2.8635342e+003  1.0468273e-001  1.2182620e+003  3.5600000e+000
  5.8365000e+003  2.8737637e+003  2.8745064e+003 -7.4265609e-001  1.2322981e+003  3.3200000e+000
  5.8370000e+003  2.8619718e+003  2.8608249e+003  1.1469246e+000  1.2347306e+003  3.2600000e+000
  5.8375000e+003  2.8419580e+003  2.8434940e+003 -1.5359937e+000  1.2972700e+003  2.5400000e+000
  5.8380000e+003  2.8703808e+003  2.8707420e+003 -3.6120304e-001  1.3347241e+003  2.1800000e+000
  5.8385000e+003  2.8535852e+003  2.8520613e+003  1.5239766e+000  1.3080762e+003  2.4200000e+000
  5.8390000e+003  2.8469219e+003  2.8478408e+003 -9.1887192e-001  1.2654172e+003  3.0200000e+000
  5.8395000e+003  2.8238433e+003  2.8241437e+003 -3.0036088e-001  1.2619347e+003  3.1000000e+000
  5.8400000e+003  2.8075864e+003  2.8093510e+003 -1.7646042e+000  1.2934701e+003  2.8600000e+000
  5.8405000e+003  2.8011359e+003  2.8018667e+003 -7.3085403e-001  1.2881003e+003  2.5800000e+000
  5.8410000e+003  2.7947150e+003  2.7942899e+003  4.2506950e-001  1.2827773e+003  2.5600000e+000
  5.8415000e+003  2.7947150e+003  2.7935813e+003  1.1337178e+000  1.2686072e+003  2.7600000e+000
  5.8420000e+003  2.8011359e+003  2.8014311e+003 -2.9519835e-001  1.2755973e+003  2.7200000e+000
  5.8425000e+003  2.8011359e+003  2.8002605e+003  8.7543953e-001  1.1734782e+003  3.8600000e+000
  5.8430000e+003  2.8271173e+003  2.8283094e+003 -1.1921005e+000  1.1880167e+003  3.8200000e+000
  5.8435000e+003  2.8436019e+003  2.8424983e+003  1.1035902e+000  1.1801137e+003  4.2000000e+000
  5.8440000e+003  2.8469219e+003  2.8480427e+003 -1.1207760e+000  1.1761474e+003  4.2600000e+000
  5.8445000e+003  2.8653349e+003  2.8667557e+003 -1.4208211e+000  1.2809898e+003  3.0600000e+000
  5.8450000e+003  2.8552693e+003  2.8550063e+003  2.6299781e-001  1.3221975e+003  2.4000000e+000
  5.8455000e+003  2.8619718e+003  2.8609452e+003  1.0266662e+000  1.3244538e+003  2.6400000e+000
  5.8460000e+003  2.8469219e+003  2.8478100e+003 -8.8807200e-001  1.2658114e+003  3.1400000e+000
  5.8465000e+003  2.8222222e+003  2.8215811e+003  6.4109674e-001  1.1864115e+003  4.1600000e+000
  5.8470000e+003  2.8287703e+003  2.8299091e+003 -1.1387860e+000  1.2729599e+003  2.9600000e+000
  5.8475000e+003  2.8124567e+003  2.8128978e+003 -4.4106858e-001  1.1652705e+003  4.3800000e+000
  5.8480000e+003  2.8157044e+003  2.8151721e+003  5.3225206e-001  1.1659741e+003  4.2000000e+000
  5.8485000e+003  2.8140666e+003  2.8137239e+003  3.4278939e-001  1.1554845e+003  4.6600000e+000
  5.8490000e+003  2.7835616e+003  2.7842104e+003 -6.4872074e-001  1.1437431e+003  4.5000000e+000
  5.8495000e+003  2.7899313e+003  2.7897781e+003  1.5323507e-001  1.1451099e+003  4.4400000e+000
  5.8500000e+003  2.7772210e+003  2.7769834e+003  2.3752530e-001  1.1268015e+003  4.7400000e+000
  5.8505000e+003  2.7740614e+003  2.7738019e+003  2.5953205e-001  1.1084512e+003  5.1800000e+000
  5.8510000e+003  2.7819611e+003  2.7819994e+003 -3.8323780e-002  1.1103730e+003  5.3400000e+000
  5.8515000e+003  2.7835616e+003  2.7843181e+003 -7.5643732e-001  1.1160099e+003  5.2200000e+000
  5.8520000e+003  2.7835616e+003  2.7821329e+003  1.4287155e+000  1.2075006e+003  3.6400000e+000
  5.8525000e+003  2.7915156e+003  2.7914709e+003  4.4695935e-002  1.1464627e+003  4.3200000e+000
  5.8530000e+003  2.7899313e+003  2.7907381e+003 -8.0671633e-001  1.1429289e+003  4.5200000e+000
  5.8535000e+003  2.7835616e+003  2.7841988e+003 -6.3717839e-001  1.1387319e+003  4.6600000e+000
  5.8540000e+003  2.7867429e+003  2.7875563e+003 -8.1343977e-001  1.1622416e+003  4.1400000e+000
  5.8545000e+003  2.8092166e+003  2.8105984e+003 -1.3818246e+000  1.2700789e+003  2.9000000e+000
  5.8550000e+003  2.8011359e+003  2.8016862e+003 -5.5030747e-001  1.2582044e+003  3.0400000e+000
  5.8555000e+003  2.8092166e+003  2.8097855e+003 -5.6891887e-001  1.1726299e+003  4.0000000e+000
  5.8560000e+003  2.8140666e+003  2.8135958e+003  4.7083433e-001  1.1713466e+003  3.9000000e+000
  5.8565000e+003  2.8075864e+003  2.8079435e+003 -3.5712052e-001  1.1671434e+003  3.8800000e+000
  5.8570000e+003  2.8043574e+003  2.8038605e+003  4.9691915e-001  1.2778408e+003  2.5600000e+000
  5.8575000e+003  2.8043574e+003  2.8024895e+003  1.8679625e+000  1.2927174e+003  2.3400000e+000
  5.8580000e+003  2.7947150e+003  2.7969536e+003 -2.2386298e+000  1.2950485e+003  2.2800000e+000
  5.8585000e+003  2.7740614e+003  2.7743765e+003 -3.1503257e-001  1.1777559e+003  3.6800000e+000
  5.8590000e+003  2.7963303e+003  2.7965332e+003 -2.0295067e-001  1.1904944e+003  3.9800000e+000
  5.8595000e+003  2.8320557e+003  2.8332681e+003 -1.2123334e+000  1.2289640e+003  3.5800000e+000
  5.8600000e+003  2.8485981e+003  2.8502304e+003 -1.6322303e+000  1.2712245e+003  2.8800000e+000
  5.8605000e+003  2.8552693e+003  2.8541324e+003  1.1368989e+000  1.2867772e+003  2.6000000e+000
  5.8610000e+003  2.8502497e+003  2.8488747e+003  1.3749736e+000  1.2305040e+003  3.2200000e+000
  5.8615000e+003  2.8124567e+003  2.8135235e+003 -1.0667600e+000  1.2594252e+003  2.9600000e+000
  5.8620000e+003  2.8222222e+003  2.8206319e+003  1.5903355e+000  1.2926477e+003  2.7800000e+000
  5.8625000e+003  2.8386496e+003  2.8403557e+003 -1.7060669e+000  1.3215744e+003  2.6000000e+000
  5.8630000e+003  2.8519298e+003  2.8533382e+003 -1.4083497e+000  1.2570810e+003  3.2800000e+000
  5.8635000e+003  2.8452742e+003  2.8455114e+003 -2.3718062e-001  1.2676007e+003  3.1400000e+000
  5.8640000e+003  2.8502497e+003  2.8510753e+003 -8.2560495e-001  1.2574356e+003  3.3600000e+000
  5.8645000e+003  2.8386496e+003  2.8374300e+003  1.2196200e+000  1.3328788e+003  2.7000000e+000
  5.8650000e+003  2.8535852e+003  2.8537253e+003 -1.4007329e-001  1.3523599e+003  2.6400000e+000
  5.8655000e+003  2.8569286e+003  2.8590655e+003 -2.1369346e+000  1.3391995e+003  2.5200000e+000
  5.8660000e+003  2.8670059e+003  2.8653097e+003  1.6962131e+000  1.2897854e+003  2.8000000e+000
  5.8665000e+003  2.8552693e+003  2.8567206e+003 -1.4512489e+000  1.2239097e+003  3.2800000e+000
  5.8670000e+003  2.8636389e+003  2.8625462e+003  1.0927464e+000  1.2268305e+003  3.5800000e+000
  5.8675000e+003  2.8569286e+003  2.8576820e+003 -7.5341087e-001  1.2085882e+003  3.9200000e+000
  5.8680000e+003  2.8703808e+003  2.8711651e+003 -7.8430403e-001  1.2296173e+003  3.9200000e+000
  5.8685000e+003  2.8703808e+003  2.8714755e+003 -1.0946371e+000  1.2233328e+003  3.6200000e+000
  5.8690000e+003  2.8586166e+003  2.8584206e+003  1.9604028e-001  1.3288500e+003  2.1000000e+000
  5.8695000e+003  2.8687059e+003  2.8676646e+003  1.0412579e+000  1.3649148e+003  2.2000000e+000
  5.8700000e+003  2.8636389e+003  2.8624097e+003  1.2292289e+000  1.2604133e+003  3.6200000e+000
  5.8705000e+003  2.8619718e+003  2.8629097e+003 -9.3791213e-001  1.2188243e+003  4.7200000e+000
  5.8710000e+003  2.8469219e+003  2.8467010e+003  2.2088325e-001  1.1878785e+003  4.4600000e+000
  5.8715000e+003  2.8519298e+003  2.8519995e+003 -6.9679285e-002  1.2711784e+003  4.2800000e+000
  5.8720000e+003  2.8485981e+003  2.8490211e+003 -4.2300950e-001  1.3673450e+003  4.5800000e+000
  5.8725000e+003  2.8369851e+003  2.8373202e+003 -3.3513649e-001  1.3886660e+003  4.3600000e+000
  5.8730000e+003  2.8303989e+003  2.8319719e+003 -1.5729371e+000  1.3227679e+003  3.4800000e+000
  5.8735000e+003  2.8254925e+003  2.8245257e+003  9.6681754e-001  1.3874206e+003  2.9800000e+000
  5.8740000e+003  2.8140666e+003  2.8148100e+003 -7.4339743e-001  1.3735526e+003  3.4400000e+000
  5.8745000e+003  2.7995408e+003  2.8007733e+003 -1.2325411e+000  1.3839322e+003  2.9400000e+000
  5.8750000e+003  2.7867429e+003  2.7885885e+003 -1.8456407e+000  1.2969642e+003  2.6800000e+000
  5.8755000e+003  2.7835616e+003  2.7836360e+003 -7.4373248e-002  1.2586297e+003  2.5200000e+000
  5.8760000e+003  2.7883234e+003  2.7894628e+003 -1.1393262e+000  1.1945602e+003  3.1200000e+000
  5.8765000e+003  2.7803877e+003  2.7796224e+003  7.6530095e-001  1.1772270e+003  3.3400000e+000
  5.8770000e+003  2.7915156e+003  2.7917930e+003 -2.7748222e-001  1.1832271e+003  3.5200000e+000
  5.8775000e+003  2.7931271e+003  2.7917020e+003  1.4251469e+000  1.2589148e+003  2.7400000e+000
  5.8780000e+003  2.7915156e+003  2.7924397e+003 -9.2413141e-001  1.3031931e+003  2.7400000e+000
  5.8785000e+003  2.8027586e+003  2.8020812e+003  6.7738768e-001  1.2202559e+003  3.3600000e+000
  5.8790000e+003  2.8254925e+003  2.8241831e+003  1.3093276e+000  1.2397424e+003  3.5400000e+000
  5.8795000e+003  2.8452742e+003  2.8463953e+003 -1.1210790e+000  1.2478821e+003  3.4400000e+000
  5.8800000e+003  2.8502497e+003  2.8514069e+003 -1.1572004e+000  1.2493204e+003  3.3800000e+000
  5.8805000e+003  2.8569286e+003  2.8582480e+003 -1.3193736e+000  1.2382227e+003  3.6200000e+000
  5.8810000e+003  2.8552693e+003  2.8557907e+003 -5.2139848e-001  1.2332805e+003  3.4600000e+000
  5.8815000e+003  2.8469219e+003  2.8479165e+003 -9.9459870e-001  1.2094182e+003  3.7400000e+000
  5.8820000e+003  2.8485981e+003  2.8489149e+003 -3.1679666e-001  1.1978368e+003  3.9200000e+000
  5.8825000e+003  2.8303989e+003  2.8299426e+003  4.5633643e-001  1.1632908e+003  4.7800000e+000
  5.8830000e+003  2.8238433e+003  2.8246386e+003 -7.9529768e-001  1.1946011e+003  4.0400000e+000
  5.8835000e+003  2.8205769e+003  2.8202082e+003  3.6867798e-001  1.1867148e+003  4.0600000e+000
  5.8840000e+003  2.7963303e+003  2.7975630e+003 -1.2327139e+000  1.2141813e+003  3.7200000e+000
  5.8845000e+003  2.7915156e+003  2.7914857e+003  2.9849926e-002  1.1486726e+003  4.3200000e+000
  5.8850000e+003  2.7979218e+003  2.7977040e+003  2.1779858e-001  1.1708250e+003  3.9800000e+000
  5.8855000e+003  2.8059839e+003  2.8064268e+003 -4.4289446e-001  1.2708277e+003  2.7200000e+000
  5.8860000e+003  2.8336882e+003  2.8338010e+003 -1.1287495e-001  1.2004639e+003  3.4600000e+000
  5.8865000e+003  2.8502497e+003  2.8495566e+003  6.9306351e-001  1.1955024e+003  3.8600000e+000
  5.8870000e+003  2.8303989e+003  2.8298610e+003  5.3796857e-001  1.1660032e+003  4.4600000e+000
  5.8875000e+003  2.7899313e+003  2.7895803e+003  3.5104184e-001  1.1157951e+003  5.3800000e+000
  5.8880000e+003  2.7835616e+003  2.7840263e+003 -4.6463544e-001  1.1187476e+003  5.1600000e+000
  5.8885000e+003  2.7724718e+003  2.7731885e+003 -7.1674814e-001  1.1092217e+003  5.0400000e+000
  5.8890000e+003  2.7693230e+003  2.7700877e+003 -7.6463902e-001  1.1022124e+003  5.3400000e+000
  5.8895000e+003  2.7646258e+003  2.7660239e+003 -1.3980487e+000  1.2493474e+003  3.1000000e+000
  5.8900000e+003  2.7677639e+003  2.7669345e+003  8.2944500e-001  1.2550649e+003  3.1200000e+000
  5.8905000e+003  2.7614949e+003  2.7595349e+003  1.9599954e+000  1.2480917e+003  3.0800000e+000
  5.8910000e+003  2.7630470e+003  2.7618737e+003  1.1733020e+000  1.1719045e+003  4.3800000e+000
  5.8915000e+003  2.7677639e+003  2.7673278e+003  4.3608094e-001  1.2376974e+003  3.5600000e+000
  5.8920000e+003  2.7803877e+003  2.7818320e+003 -1.4443153e+000  1.2731467e+003  2.7400000e+000
  5.8925000e+003  2.7787908e+003  2.7806835e+003 -1.8927112e+000  1.2988936e+003  2.5400000e+000
  5.8930000e+003  2.7724718e+003  2.7720311e+003  4.4068512e-001  1.2826400e+003  2.9800000e+000
  5.8935000e+003  2.7819611e+003  2.7814792e+003  4.8182465e-001  1.1208570e+003  5.2400000e+000
  5.8940000e+003  2.7979218e+003  2.7983546e+003 -4.3288253e-001  1.1202073e+003  5.4200000e+000
  5.8945000e+003  2.7963303e+003  2.7972391e+003 -9.0877788e-001  1.1357785e+003  5.1200000e+000
  5.8950000e+003  2.8043574e+003  2.8046381e+003 -2.8069677e-001  1.2538917e+003  3.3000000e+000
  5.8955000e+003  2.8173180e+003  2.8189156e+003 -1.5975807e+000  1.2936755e+003  2.7200000e+000
  5.8960000e+003  2.8157044e+003  2.8151270e+003  5.7737868e-001  1.2693311e+003  3.0000000e+000
  5.8965000e+003  2.8271173e+003  2.8280779e+003 -9.6058225e-001  1.2816394e+003  2.9200000e+000
  5.8970000e+003  2.8336882e+003  2.8346368e+003 -9.4864849e-001  1.2515084e+003  3.3600000e+000
  5.8975000e+003  2.8238433e+003  2.8231173e+003  7.2601907e-001  1.1616684e+003  4.4200000e+000
  5.8980000e+003  2.8254925e+003  2.8258359e+003 -3.4340182e-001  1.1659116e+003  4.4600000e+000
  5.8985000e+003  2.8140666e+003  2.8132707e+003  7.9592984e-001  1.1655820e+003  4.0800000e+000
  5.8990000e+003  2.8124567e+003  2.8130831e+003 -6.2632956e-001  1.2638947e+003  3.1200000e+000
  5.8995000e+003  2.8059839e+003  2.8072129e+003 -1.2289951e+000  1.2783041e+003  2.8800000e+000
  5.9000000e+003  2.8027586e+003  2.8040201e+003 -1.2614842e+000  1.2055373e+003  4.0200000e+000
  5.9005000e+003  2.8027586e+003  2.8008542e+003  1.9044213e+000  1.2573417e+003  3.1600000e+000
  5.9010000e+003  2.7963303e+003  2.7958507e+003  4.7957259e-001  1.2439815e+003  3.3000000e+000
  5.9015000e+003  2.8059839e+003  2.8044146e+003  1.5692980e+000  1.2709337e+003  2.9800000e+000
  5.9020000e+003  2.8108228e+003  2.8098659e+003  9.5686903e-001  1.1417180e+003  4.5200000e+000
  5.9025000e+003  2.8303989e+003  2.8310704e+003 -6.7150227e-001  1.1581721e+003  4.5000000e+000
  5.9030000e+003  2.8436019e+003  2.8435442e+003  5.7679120e-002  1.1739391e+003  4.2800000e+000
  5.9035000e+003  2.8485981e+003  2.8482244e+003  3.7373515e-001  1.1804409e+003  4.2600000e+000
  5.9040000e+003  2.8485981e+003  2.8495354e+003 -9.3723125e-001  1.1786754e+003  4.3400000e+000
  5.9045000e+003  2.8419580e+003  2.8414046e+003  5.5341215e-001  1.1597648e+003  4.7400000e+000
  5.9050000e+003  2.8452742e+003  2.8455151e+003 -2.4084996e-001  1.1631809e+003  4.5200000e+000
  5.9055000e+003  2.8436019e+003  2.8436123e+003 -1.0355546e-002  1.1561461e+003  4.6000000e+000
  5.9060000e+003  2.8502497e+003  2.8512498e+003 -1.0001596e+000  1.2579106e+003  3.3200000e+000
  5.9065000e+003  2.8552693e+003  2.8540746e+003  1.1947692e+000  1.2190937e+003  3.7200000e+000
  5.9070000e+003  2.8636389e+003  2.8646197e+003 -9.8073198e-001  1.3316886e+003  2.4600000e+000
  5.9075000e+003  2.8586166e+003  2.8581051e+003  5.1158083e-001  1.2939482e+003  3.0400000e+000
  5.9080000e+003  2.8586166e+003  2.8578471e+003  7.6954692e-001  1.2422753e+003  3.6200000e+000
  5.9085000e+003  2.8469219e+003  2.8472422e+003 -3.2031424e-001  1.1688570e+003  4.4000000e+000
  5.9090000e+003  2.8402896e+003  2.8401228e+003  1.6681823e-001  1.1652925e+003  4.4400000e+000
  5.9095000e+003  2.8287703e+003  2.8299976e+003 -1.2272991e+000  1.2510762e+003  3.3800000e+000
  5.9100000e+003  2.8336882e+003  2.8346204e+003 -9.3219302e-001  1.1545600e+003  4.7000000e+000
  5.9105000e+003  2.8353488e+003  2.8343235e+003  1.0253301e+000  1.2358352e+003  4.1400000e+000
  5.9110000e+003  2.8436019e+003  2.8425647e+003  1.0371823e+000  1.1825164e+003  4.8200000e+000
  5.9115000e+003  2.8287703e+003  2.8279281e+003  8.4223145e-001  1.1646805e+003  5.0800000e+000
  5.9120000e+003  2.8287703e+003  2.8281046e+003  6.6574526e-001  1.1696781e+003  5.3800000e+000
  5.9125000e+003  2.8271173e+003  2.8263104e+003  8.0693141e-001  1.1644031e+003  5.4400000e+000
  5.9130000e+003  2.8336882e+003  2.8343769e+003 -6.8871616e-001  1.1819378e+003  4.8600000e+000
  5.9135000e+003  2.8386496e+003  2.8386149e+003  3.4683631e-002  1.2557016e+003  3.5600000e+000
  5.9140000e+003  2.8519298e+003  2.8517151e+003  2.1476911e-001  1.2616649e+003  3.3800000e+000
  5.9145000e+003  2.8452742e+003  2.8466933e+003 -1.4191378e+000  1.2363123e+003  3.4600000e+000
  5.9150000e+003  2.8436019e+003  2.8442479e+003 -6.4601787e-001  1.1741032e+003  4.2200000e+000
  5.9155000e+003  2.8619718e+003  2.8629170e+003 -9.4517965e-001  1.1701009e+003  4.6000000e+000
  5.9160000e+003  2.8469219e+003  2.8470979e+003 -1.7601465e-001  1.1522911e+003  4.9600000e+000
  5.9165000e+003  2.8552693e+003  2.8554441e+003 -1.7480031e-001  1.2570471e+003  3.6000000e+000
  5.9170000e+003  2.8452742e+003  2.8464015e+003 -1.1273160e+000  1.2880855e+003  3.0000000e+000
  5.9175000e+003  2.8535852e+003  2.8528000e+003  7.8527052e-001  1.2976961e+003  2.8400000e+000
  5.9180000e+003  2.8720848e+003  2.8702134e+003  1.8714404e+000  1.3025894e+003  3.0200000e+000
  5.9185000e+003  2.8839603e+003  2.8823617e+003  1.5986062e+000  1.3064418e+003  3.1600000e+000
  5.9190000e+003  2.8873753e+003  2.8880156e+003 -6.4030123e-001  1.2761928e+003  4.2400000e+000
  5.9195000e+003  2.8771546e+003  2.8762484e+003  9.0613102e-001  1.2002534e+003  5.3800000e+000
  5.9200000e+003  2.8703808e+003  2.8708813e+003 -5.0042376e-001  1.1952385e+003  5.5400000e+000
  5.9205000e+003  2.8436019e+003  2.8433142e+003  2.8765546e-001  1.1412151e+003  5.6800000e+000
  5.9210000e+003  2.8320557e+003  2.8314131e+003  6.4266527e-001  1.1343954e+003  5.3000000e+000
  5.9215000e+003  2.8369851e+003  2.8365317e+003  4.5332163e-001  1.1653189e+003  4.9200000e+000
  5.9220000e+003  2.8386496e+003  2.8398027e+003 -1.1531077e+000  1.2935096e+003  3.5600000e+000
  5.9225000e+003  2.8419580e+003  2.8406024e+003  1.3556484e+000  1.2564543e+003  3.8400000e+000
  5.9230000e+003  2.8485981e+003  2.8479705e+003  6.2759791e-001  1.1858592e+003  4.5600000e+000
  5.9235000e+003  2.8535852e+003  2.8528946e+003  6.9068257e-001  1.1770461e+003  4.4800000e+000
  5.9240000e+003  2.8636389e+003  2.8646841e+003 -1.0451449e+000  1.1804322e+003  4.4800000e+000
  5.9245000e+003  2.8636389e+003  2.8638671e+003 -2.2814206e-001  1.2027119e+003  3.8400000e+000
  5.9250000e+003  2.8636389e+003  2.8640257e+003 -3.8681174e-001  1.2070146e+003  3.9200000e+000
  5.9255000e+003  2.8569286e+003  2.8574831e+003 -5.5445055e-001  1.2050641e+003  3.8200000e+000
  5.9260000e+003  2.8419580e+003  2.8429774e+003 -1.0193454e+000  1.1919918e+003  3.8800000e+000
  5.9265000e+003  2.8336882e+003  2.8347092e+003 -1.0210365e+000  1.2173598e+003  3.5000000e+000
  5.9270000e+003  2.8222222e+003  2.8236616e+003 -1.4393959e+000  1.2866691e+003  2.7600000e+000
  5.9275000e+003  2.8287703e+003  2.8273482e+003  1.4220868e+000  1.2595822e+003  3.2400000e+000
  5.9280000e+003  2.8238433e+003  2.8229605e+003  8.8279951e-001  1.1709718e+003  4.1400000e+000
  5.9285000e+003  2.8075864e+003  2.8079707e+003 -3.8433704e-001  1.1453120e+003  4.7000000e+000
  5.9290000e+003  2.8108228e+003  2.8096466e+003  1.1761761e+000  1.1678498e+003  3.9400000e+000
  5.9295000e+003  2.8059839e+003  2.8071598e+003 -1.1758862e+000  1.1728220e+003  3.8200000e+000
  5.9300000e+003  2.8353488e+003  2.8360646e+003 -7.1572041e-001  1.2064414e+003  3.5600000e+000
  5.9305000e+003  2.8670059e+003  2.8667112e+003  2.9474247e-001  1.2440225e+003  3.5400000e+000
  5.9310000e+003  2.8602798e+003  2.8600801e+003  1.9974808e-001  1.2540765e+003  3.6200000e+000
  5.9315000e+003  2.8602798e+003  2.8597470e+003  5.3285802e-001  1.2373940e+003  3.5800000e+000
  5.9320000e+003  2.8336882e+003  2.8333276e+003  3.6059210e-001  1.2018951e+003  3.6800000e+000
  5.9325000e+003  2.7963303e+003  2.7973519e+003 -1.0215947e+000  1.1675898e+003  4.3400000e+000
  5.9330000e+003  2.7772210e+003  2.7775451e+003 -3.2412456e-001  1.1714997e+003  4.8200000e+000
  5.9335000e+003  2.7756277e+003  2.7754213e+003  2.0631743e-001  1.1727896e+003  5.6200000e+000
  5.9340000e+003  2.7646258e+003  2.7640822e+003  5.4360973e-001  1.1458808e+003  5.1600000e+000
  5.9345000e+003  2.7740614e+003  2.7737466e+003  3.1483118e-001  1.1220341e+003  5.2600000e+000
  5.9350000e+003  2.7614949e+003  2.7607442e+003  7.5068773e-001  1.1263194e+003  5.3800000e+000
  5.9355000e+003  2.7693230e+003  2.7687021e+003  6.2087699e-001  1.1162372e+003  5.8800000e+000
  5.9360000e+003  2.7772210e+003  2.7770276e+003  1.9333702e-001  1.1536164e+003  5.6800000e+000
  5.9365000e+003  2.7867429e+003  2.7868991e+003 -1.5624323e-001  1.1172430e+003  5.4000000e+000
  5.9370000e+003  2.7724718e+003  2.7730642e+003 -5.9248561e-001  1.0980829e+003  5.9200000e+000
  5.9375000e+003  2.7851386e+003  2.7851448e+003 -6.1475565e-003  1.1017042e+003  6.1400000e+000
  5.9380000e+003  2.8771546e+003  2.8780158e+003 -8.6127701e-001  1.1856932e+003  5.0600000e+000
  5.9385000e+003  2.8959620e+003  2.8970588e+003 -1.0968442e+000  1.2117045e+003  4.1000000e+000
  5.9390000e+003  2.8670059e+003  2.8681493e+003 -1.1433907e+000  1.2015551e+003  3.7800000e+000
  5.9395000e+003  2.8703808e+003  2.8707185e+003 -3.3771538e-001  1.2239656e+003  3.5200000e+000
  5.9400000e+003  2.7724718e+003  2.7720990e+003  3.7273700e-001  1.1448383e+003  4.6600000e+000
  5.9405000e+003  2.7428571e+003  2.7432007e+003 -3.4350844e-001  1.1127490e+003  5.0000000e+000
  5.9410000e+003  2.8687059e+003  2.8697983e+003 -1.0924137e+000  1.2112801e+003  4.2000000e+000
  5.9415000e+003  2.8419580e+003  2.8408832e+003  1.0748847e+000  1.2220925e+003  4.1200000e+000
  5.9420000e+003  2.9063170e+003  2.9082715e+003 -1.9544514e+000  1.3981676e+003  2.5200000e+000
  5.9425000e+003  2.7899313e+003  2.7896885e+003  2.4288627e-001  1.2491779e+003  3.4800000e+000
  5.9430000e+003  2.6751391e+003  2.6751292e+003  9.8620663e-003  1.0549547e+003  6.0400000e+000
  5.9435000e+003  2.6489836e+003  2.6485155e+003  4.6805979e-001  1.0071125e+003  6.6200000e+000
  5.9440000e+003  2.7048133e+003  2.7040736e+003  7.3969649e-001  1.0366958e+003  6.4000000e+000
  5.9445000e+003  2.7661814e+003  2.7652632e+003  9.1818826e-001  1.0914080e+003  5.4400000e+000
  5.9450000e+003  2.8011359e+003  2.8013617e+003 -2.2581209e-001  1.1438993e+003  4.8000000e+000
  5.9455000e+003  2.7724718e+003  2.7719548e+003  5.1691644e-001  1.2229741e+003  3.3200000e+000
  5.9460000e+003  2.7567993e+003  2.7571425e+003 -3.4320690e-001  1.1430359e+003  4.1600000e+000
  5.9465000e+003  2.7646258e+003  2.7639018e+003  7.2403118e-001  1.1229745e+003  4.5400000e+000
  5.9470000e+003  2.8205769e+003  2.8214680e+003 -8.9113117e-001  1.1524640e+003  4.8200000e+000
  5.9475000e+003  2.8336882e+003  2.8332065e+003  4.8169012e-001  1.1513281e+003  5.1000000e+000
  5.9480000e+003  2.8822695e+003  2.8830808e+003 -8.1124640e-001  1.2335416e+003  4.1600000e+000
  5.9485000e+003  2.8485981e+003  2.8491899e+003 -5.9176035e-001  1.2595742e+003  4.9800000e+000
  5.9490000e+003  2.8043574e+003  2.8052463e+003 -8.8885040e-001  1.2264995e+003  5.5000000e+000
  5.9495000e+003  2.7915156e+003  2.7917340e+003 -2.1849807e-001  1.1663126e+003  4.8200000e+000
  5.9500000e+003  2.7505798e+003  2.7506314e+003 -5.1560097e-002  1.1077305e+003  5.0400000e+000
  5.9505000e+003  2.7630470e+003  2.7628304e+003  2.1656413e-001  1.0906506e+003  5.5200000e+000
  5.9510000e+003  2.7614949e+003  2.7611108e+003  3.8411340e-001  1.0692096e+003  6.4200000e+000
  5.9515000e+003  2.7661814e+003  2.7663312e+003 -1.4976713e-001  1.0829898e+003  5.8400000e+000
  5.9520000e+003  2.7724718e+003  2.7725510e+003 -7.9269966e-002  1.0953675e+003  5.4800000e+000
  5.9525000e+003  2.8157044e+003  2.8152110e+003  4.9335091e-001  1.1183296e+003  5.2400000e+000
  5.9530000e+003  2.8519298e+003  2.8525093e+003 -5.7943535e-001  1.1418185e+003  5.1600000e+000
  5.9535000e+003  2.9045722e+003  2.9038946e+003  6.7762129e-001  1.2084253e+003  4.0800000e+000
  5.9540000e+003  2.8839603e+003  2.8848473e+003 -8.8691711e-001  1.2106955e+003  3.9000000e+000
  5.9545000e+003  2.8519298e+003  2.8527605e+003 -8.3067899e-001  1.1894905e+003  4.1200000e+000
  5.9550000e+003  2.8386496e+003  2.8392950e+003 -6.4536542e-001  1.1841185e+003  4.3000000e+000
  5.9555000e+003  2.8059839e+003  2.8056760e+003  3.0792038e-001  1.1645057e+003  4.6800000e+000
  5.9560000e+003  2.8075864e+003  2.8072390e+003  3.4742244e-001  1.2075391e+003  4.0400000e+000
  5.9565000e+003  2.7931271e+003  2.7929224e+003  2.0478608e-001  1.1490484e+003  4.7200000e+000
  5.9570000e+003  2.8108228e+003  2.8112320e+003 -4.0917969e-001  1.1670949e+003  4.5000000e+000
  5.9575000e+003  2.9097852e+003  2.9088579e+003  9.2727492e-001  1.2554928e+003  3.6400000e+000
  5.9580000e+003  2.9378313e+003  2.9395752e+003 -1.7438326e+000  1.3721576e+003  2.5000000e+000
  5.9585000e+003  3.0253102e+003  3.0243135e+003  9.9670804e-001  1.4022827e+003  2.6200000e+000
  5.9590000e+003  2.9556364e+003  2.9536519e+003  1.9844887e+000  1.3509539e+003  3.0200000e+000
  5.9595000e+003  2.8839603e+003  2.8838160e+003  1.4430556e-001  1.1981115e+003  5.1800000e+000
  5.9600000e+003  2.8485981e+003  2.8480578e+003  5.4034599e-001  1.2494221e+003  3.9200000e+000
  5.9605000e+003  2.8011359e+003  2.8008026e+003  3.3326069e-001  1.1782732e+003  4.6600000e+000
  5.9610000e+003  2.7093333e+003  2.7088087e+003  5.2462572e-001  1.0779117e+003  5.8200000e+000
  5.9615000e+003  2.7835616e+003  2.7835198e+003  4.1810638e-002  1.1286325e+003  5.2600000e+000
  5.9620000e+003  2.7995408e+003  2.8002830e+003 -7.4227048e-001  1.2525914e+003  3.3400000e+000
  5.9625000e+003  2.7599196e+003  2.7581144e+003  1.8051675e+000  1.2727793e+003  2.9600000e+000
  5.9630000e+003  2.7931271e+003  2.7915088e+003  1.6183595e+000  1.2829369e+003  2.7400000e+000
  5.9635000e+003  2.6107066e+003  2.6112222e+003 -5.1558767e-001  1.1523581e+003  3.9400000e+000
  5.9640000e+003  2.5439643e+003  2.5438950e+003  6.9320978e-002  1.0973646e+003  4.6000000e+000
  5.9645000e+003  2.7630470e+003  2.7626444e+003  4.0260880e-001  1.2226688e+003  3.3800000e+000
  5.9650000e+003  3.1261538e+003  2.9893281e+003  1.3682573e+002  1.4000223e+003  2.0000000e+000
  5.9655000e+003  3.4343662e+003  2.9983910e+003  4.3597518e+002  1.4082054e+003  2.0000000e+000
  5.9660000e+003  3.4562721e+003  3.0580751e+003  3.9819707e+002  1.4308749e+003  2.0000000e+000
  5.9665000e+003  3.0729679e+003  3.0132310e+003  5.9736861e+001  1.4280042e+003  2.0000000e+000
  5.9670000e+003  2.8994055e+003  2.9008183e+003 -1.4128101e+000  1.3501073e+003  2.3600000e+000
  5.9675000e+003  2.7803877e+003  2.7803747e+003  1.2977696e-002  1.2897771e+003  2.5600000e+000
  5.9680000e+003  2.9272509e+003  2.9261409e+003  1.1099643e+000  1.3607609e+003  2.3400000e+000
  5.9685000e+003  2.9272509e+003  2.9255681e+003  1.6827675e+000  1.3381884e+003  2.8400000e+000
  5.9690000e+003  2.9754583e+003  2.9764656e+003 -1.0072767e+000  1.3214935e+003  3.4000000e+000
  5.9695000e+003  2.9919018e+003  2.9922634e+003 -3.6154923e-001  1.3727941e+003  3.2200000e+000
  5.9700000e+003  2.8771546e+003  2.8762599e+003  8.9465234e-001  1.3474216e+003  3.3000000e+000
  5.9705000e+003  2.8369851e+003  2.8381091e+003 -1.1240786e+000  1.3215597e+003  3.5400000e+000
  5.9710000e+003  2.8027586e+003  2.8030902e+003 -3.3159300e-001  1.2905235e+003  3.5600000e+000
  5.9715000e+003  2.8059839e+003  2.8044225e+003  1.5614093e+000  1.2610486e+003  3.9600000e+000
  5.9720000e+003  2.8336882e+003  2.8350789e+003 -1.3906885e+000  1.2705059e+003  3.7400000e+000
  5.9725000e+003  2.8238433e+003  2.8247320e+003 -8.8872100e-001  1.2258223e+003  4.3400000e+000
  5.9730000e+003  2.8254925e+003  2.8265891e+003 -1.0966116e+000  1.2783679e+003  3.6200000e+000
  5.9735000e+003  2.8222222e+003  2.8209355e+003  1.2867298e+000  1.2797240e+003  3.7800000e+000
  5.9740000e+003  2.8173180e+003  2.8182294e+003 -9.1143312e-001  1.2837378e+003  3.7800000e+000
  5.9745000e+003  2.8205769e+003  2.8203651e+003  2.1177443e-001  1.2630702e+003  3.8600000e+000
  5.9750000e+003  2.8189595e+003  2.8201165e+003 -1.1569223e+000  1.2775954e+003  3.6000000e+000
  5.9755000e+003  2.8173180e+003  2.8182075e+003 -8.8948549e-001  1.2828784e+003  3.4000000e+000
  5.9760000e+003  2.8205769e+003  2.8188696e+003  1.7073320e+000  1.2919581e+003  3.2800000e+000
  5.9765000e+003  2.8353488e+003  2.8360367e+003 -6.8784825e-001  1.2886906e+003  3.4200000e+000
  5.9770000e+003  2.8369851e+003  2.8361709e+003  8.1410981e-001  1.2737605e+003  3.7800000e+000
  5.9775000e+003  2.8386496e+003  2.8385199e+003  1.2968692e-001  1.2788978e+003  3.6600000e+000
  5.9780000e+003  2.8402896e+003  2.8407601e+003 -4.7046148e-001  1.2913992e+003  3.5000000e+000
  5.9785000e+003  2.8287703e+003  2.8281482e+003  6.2207623e-001  1.2882922e+003  3.4800000e+000
  5.9790000e+003  2.8320557e+003  2.8313801e+003  6.7561817e-001  1.2771601e+003  3.7000000e+000
  5.9795000e+003  2.8287703e+003  2.8290559e+003 -2.8557118e-001  1.2773300e+003  3.3000000e+000
  5.9800000e+003  2.8942296e+003  2.8928547e+003  1.3749268e+000  1.2833266e+003  3.1400000e+000
  5.9805000e+003  2.9149891e+003  2.9149897e+003 -6.9140523e-004  1.3046246e+003  2.9800000e+000
  5.9810000e+003  2.9254809e+003  2.9250041e+003  4.7674897e-001  1.2338498e+003  3.7600000e+000
  5.9815000e+003  2.9254809e+003  2.9257571e+003 -2.7622732e-001  1.3203594e+003  2.9600000e+000
  5.9820000e+003  2.8569286e+003  2.8552539e+003  1.6747356e+000  1.2782159e+003  3.1600000e+000
  5.9825000e+003  2.8287703e+003  2.8280005e+003  7.6975605e-001  1.2786212e+003  3.1600000e+000
  5.9830000e+003  2.8238433e+003  2.8238718e+003 -2.8529369e-002  1.2560776e+003  3.4400000e+000
  5.9835000e+003  2.9011165e+003  2.9005435e+003  5.7298535e-001  1.3177444e+003  2.9200000e+000
  5.9840000e+003  2.9882353e+003  2.9883759e+003 -1.4061851e-001  1.3836305e+003  2.3800000e+000
  5.9845000e+003  2.9974038e+003  2.9967777e+003  6.2615984e-001  1.4065466e+003  2.1400000e+000
  5.9850000e+003  3.0103704e+003  3.0096626e+003  7.0774687e-001  1.4071517e+003  2.2400000e+000
  5.9855000e+003  2.9449275e+003  2.9445306e+003  3.9695700e-001  1.3364549e+003  2.9600000e+000
  5.9860000e+003  2.8925267e+003  2.8935091e+003 -9.8242354e-001  1.2948031e+003  3.2400000e+000
  5.9865000e+003  2.9395880e+003  2.9397061e+003 -1.1806007e-001  1.2953600e+003  3.1800000e+000
  5.9870000e+003  2.9754583e+003  2.9748018e+003  6.5649309e-001  1.3449585e+003  2.7000000e+000
  5.9875000e+003  2.9845777e+003  2.9847729e+003 -1.9517532e-001  1.3797330e+003  2.4600000e+000
  5.9880000e+003  2.9845777e+003  2.9839970e+003  5.8069075e-001  1.3897499e+003  2.3600000e+000
  5.9885000e+003  2.9520581e+003  2.9524740e+003 -4.1591337e-001  1.3794679e+003  2.3400000e+000
  5.9890000e+003  2.9289949e+003  2.9307681e+003 -1.7731794e+000  1.3542857e+003  2.6600000e+000
  5.9895000e+003  2.9254809e+003  2.9260390e+003 -5.5811760e-001  1.3409808e+003  2.8800000e+000
  5.9900000e+003  2.9360485e+003  2.9359842e+003  6.4321960e-002  1.3407568e+003  2.9200000e+000
  5.9905000e+003  2.9378313e+003  2.9369661e+003  8.6518466e-001  1.3441594e+003  2.7000000e+000
  5.9910000e+003  2.9955774e+003  2.9959741e+003 -3.9671551e-001  1.4008512e+003  2.1000000e+000
  5.9915000e+003  2.9919018e+003  2.9926809e+003 -7.7902225e-001  1.4049933e+003  2.0000000e+000
  5.9920000e+003  3.0159406e+003  3.0141975e+003  1.7430549e+000  1.3952064e+003  2.3400000e+000
  5.9925000e+003  3.0140915e+003  3.0146864e+003 -5.9490984e-001  1.3752574e+003  2.7000000e+000
  5.9930000e+003  3.0066584e+003  3.0074433e+003 -7.8483925e-001  1.3634698e+003  2.8400000e+000
  5.9935000e+003  2.9863908e+003  2.9862085e+003  1.8227744e-001  1.3608493e+003  2.6800000e+000
  5.9940000e+003  2.9809291e+003  2.9797673e+003  1.1617689e+000  1.3688331e+003  2.4600000e+000
  5.9945000e+003  3.0178218e+003  3.0164997e+003  1.3220732e+000  1.4102539e+003  2.0200000e+000
  5.9950000e+003  3.0215613e+003  3.0197743e+003  1.7870005e+000  1.4114189e+003  2.0200000e+000
  5.9955000e+003  3.0103704e+003  3.0096207e+003  7.4969331e-001  1.3975953e+003  2.1800000e+000
  5.9960000e+003  3.1082218e+003  3.0890309e+003  1.9190942e+001  1.4456871e+003  2.0000000e+000
  5.9965000e+003  3.0518148e+003  3.0497994e+003  2.0153643e+000  1.4123160e+003  2.2600000e+000
  5.9970000e+003  3.0010929e+003  3.0027219e+003 -1.6289800e+000  1.3777562e+003  2.5200000e+000
  5.9975000e+003  2.9736585e+003  2.9749230e+003 -1.2644387e+000  1.3542751e+003  2.7600000e+000
  5.9980000e+003  2.9063170e+003  2.9048785e+003  1.4385072e+000  1.3010363e+003  3.3200000e+000
