5500	2639.92101	2.2344	0.224	0.984698711	0.523214286	0.476785714
5500.5	2640.72152	2.2813	0.237	0.943896908	0.5625	0.4375
5501	2641.522515	2.3203	0.225	0.983530403	0.529464286	0.470535714
5501.5	2642.323997	2.3457	0.206	1	0.547321429	0.452678571
5502	2643.125965	2.3809	0.21	1	0.617857143	0.382142857
5502.5	2643.92842	2.373	0.213	1	0.68125	0.31875
5503	2644.731362	2.3203	0.218	1	0.734828571	0.265171429
5503.5	2645.534562	2.3047	0.231	0.970510172	0.703571429	0.296428571
5504	2646.338711	2.3203	0.233	0.967529464	0.655357143	0.344642857
5504.5	2647.142888	2.3652	0.25	0.920599459	0.549107143	0.450892857
5505	2647.948014	2.3555	0.246	0.939685894	0.540178571	0.459821429
5505.5	2648.75317	2.334	0.248	0.941568959	0.545535714	0.454464286
5506	2649.559276	2.3438	0.239	0.97689886	0.560714286	0.439285714
5506.5	2650.365412	2.3398	0.228	1	0.55625	0.44375
5507	2651.1725	2.3379	0.223	1	0.472321429	0.527678571
5507.5	2651.979618	2.2949	0.231	1	0.469642857	0.530357143
5508	2652.78769	2.252	0.231	1	0.467857143	0.532142857
5508.5	2653.595792	2.3027	0.246	0.974049423	0.491071429	0.508928571
5509	2654.404849	2.4941	0.239	0.997487771	0.555357143	0.444642857
5509.5	2655.213937	2.5781	0.258	0.940786907	0.541964286	0.458035714
5510	2656.023981	2.5156	0.26	0.933653115	0.610714286	0.389285714
5510.5	2656.834056	2.3457	0.261	0.929355584	0.608035714	0.391964286
5511	2657.645089	2.2676	0.257	0.938827715	0.633928571	0.366071429
5511.5	2691.390728	2.2441	0.252	0.950465244	0.601785714	0.398214286
5512	2704.81329	2.2363	0.25	0.953647585	0.661607143	0.338392857
5512.5	2846.921906	2.2109	0.242	0.975119157	0.596428571	0.403571429
5513	2952.058111	2.2012	0.254	0.938771319	0.532142857	0.467857143
5513.5	2860.279834	2.2441	0.271	0.892890078	0.273214286	0.726785714
5514	2840.28962	2.3516	0.307	0.810945149	0.173661429	0.826338571
5514.5	2804.357427	2.3809	0.26	0.923879069	0.126785714	0.873214286
5515	2736.700337	2.4258	0.234	1	0.316964286	0.683035714
5515.5	2840.28962	2.4063	0.222	1	0.508928571	0.491071429
5516	2936.048472	2.4238	0.27	0.911329701	0.692857143	0.307142857
5516.5	2916.746411	2.416	0.28	0.892692954	0.705357143	0.294642857
5517	2897.668936	2.418	0.273	0.917076062	0.721428571	0.278571429
5517.5	2916.746411	2.4277	0.254	0.976817139	0.692857143	0.307142857
5518	2804.357427	2.3906	0.254	0.984643057	0.723214286	0.276785714
5518.5	2865.3349	2.3457	0.247	1	0.697321429	0.302678571
5519	2872.084806	2.3633	0.247	1	0.672321429	0.327678571
5519.5	2865.3349	2.3926	0.244	1	0.6	0.4
5520	2872.084806	2.416	0.252	1	0.574107143	0.425892857
5520.5	2944.927536	2.4063	0.272	0.958809309	0.591964286	0.408035714
5521	2817.318002	2.3496	0.259	0.997120439	0.651785714	0.348214286
5521.5	2781.961063	2.3086	0.261	0.99089757	0.672321429	0.327678571
5522	2785.138617	2.2539	0.254	1	0.673214286	0.326785714
5522.5	2752.14447	2.2441	0.256	1	0.665178571	0.334821429
5523	2735.153179	2.3105	0.242	1	0.730357143	0.269642857
5523.5	2741.303018	2.3223	0.248	1	0.740185714	0.259814286
5524	2725.979984	2.3379	0.255	1	0.754471429	0.245528571
5524.5	2763.046966	2.3086	0.266	0.965002703	0.7384	0.2616
5525	2749.041714	2.3125	0.275	0.937512601	0.752685714	0.247314286
5525.5	2774.061433	2.2715	0.268	0.953201404	0.70625	0.29375
5526	2767.763905	2.2207	0.26	0.973247875	0.68125	0.31875
5526.5	2749.041714	2.2363	0.241	1	0.602678571	0.397321429
5527	2742.857143	2.3184	0.25	0.999207736	0.548214286	0.451785714
5527.5	2739.775281	2.4199	0.259	0.970083039	0.542857143	0.457142857
5528	2749.041714	2.4316	0.269	0.938966882	0.583928571	0.416071429
5528.5	2738.224646	2.3848	0.255	0.97508741	0.6625	0.3375
5529	2759.919593	2.3574	0.253	0.97770236	0.64375	0.35625
5529.5	2756.799291	2.3184	0.258	0.959093643	0.646428571	0.353571429
5530	2777.220957	2.2949	0.231	1	0.604464286	0.395535714
5530.5	2780.387685	2.2559	0.219	1	0.55	0.45
5531	2778.790752	2.2891	0.217	1	0.50625	0.49375
5531.5	2786.742857	2.3262	0.234	1	0.465178571	0.534821429
5532	2759.919593	2.334	0.25	0.965989736	0.469642857	0.530357143
5532.5	2777.220957	2.3105	0.244	0.982176825	0.461607143	0.538392857
5533	2741.303018	2.3066	0.226	1	0.471428571	0.528571429
5533.5	2745.945946	2.3066	0.21	1	0.469642857	0.530357143
5534	2764.62585	2.2969	0.219	1	0.528571429	0.471428571
5534.5	2769.323024	2.2891	0.246	0.97545228	0.573214286	0.426785714
5535	2804.357427	2.3125	0.25	0.965605349	0.620535714	0.379464286
5535.5	2845.274212	2.3223	0.269	0.914739077	0.648214286	0.351785714
5536	2914.98905	2.3555	0.281	0.887511868	0.679464286	0.320535714
5536.5	2906.317044	2.3301	0.276	0.903089748	0.64375	0.35625
5537	2927.2509	2.3184	0.237	1	0.7	0.3
5537.5	2863.638926	2.2793	0.22	1	0.745542857	0.254457143
5538	2882.269504	2.2617	0.217	1	0.8625	0.1375
5538.5	2838.649593	2.2461	0.235	1	0.868757143	0.131242857
5539	2882.269504	2.252	0.229	1	0.871428571	0.128571429
5539.5	2921.975209	2.3008	0.244	0.996805187	0.891971429	0.108028571
5540	2877.154562	2.377	0.235	1	0.843757143	0.156242857
5540.5	2853.585238	2.4297	0.25	0.961861044	0.841071429	0.158928571
5541	2927.2509	2.4277	0.246	0.961406831	0.731257143	0.268742857
5541.5	2883.960336	2.4492	0.236	0.980225049	0.691071429	0.308928571
5542	2880.553429	2.4531	0.226	1	0.650892857	0.349107143
5542.5	2827.117324	2.4531	0.252	0.919667974	0.647321429	0.352678571
5543	2825.492468	2.4395	0.262	0.894968455	0.485714286	0.514285714
5543.5	2848.598131	2.4492	0.229	0.995460928	0.307142857	0.692857143
5544	2853.585238	2.4941	0.167	1	0.296428571	0.703571429
5544.5	2858.616647	2.4824	0.157	1	0.5375	0.4625
5545	2941.375151	2.4902	0.207	1	0.827685714	0.172314286
5545.5	3088.537049	2.4355	0.247	0.950182115	0.973214286	0.026785714
5546	3170.871261	2.3945	0.25	0.94517776	0.934828571	0.065171429
5546.5	3236.098208	2.3652	0.246	0.960868871	0.880357143	0.119642857
5547	3114.176245	2.457	0.245	0.967826384	0.791071429	0.208928571
5547.5	3029.068323	2.5293	0.258	0.935003309	0.741971429	0.258028571
5548	3094.416244	2.5449	0.265	0.920971514	0.691964286	0.308035714
5548.5	3187.45098	2.498	0.259	0.942576032	0.701785714	0.298214286
5549	3168.810916	2.4551	0.253	0.965720607	0.728571429	0.271428571
5549.5	3223.265036	2.3945	0.248	0.987221013	0.702678571	0.297321429
5550	3246.870839	2.3828	0.256	0.969896441	0.633928571	0.366071429
5550.5	3140.244688	2.3984	0.256	0.976023535	0.525892857	0.474107143
5551	3090.494297	2.4531	0.249	1	0.469642857	0.530357143
5551.5	3023.419599	2.4688	0.223	1	0.438392857	0.561607143
5552	2943.136062	2.4766	0.213	1	0.591071429	0.408928571
5552.5	2927.2509	2.4824	0.232	1	0.755357143	0.244642857
5553	2911.508482	2.5352	0.244	1	0.8375	0.1625
5553.5	2899.40547	2.502	0.243	1	0.797328571	0.202671429
5554	2913.261649	2.4941	0.232	1	0.718757143	0.281242857
5554.5	3106.242038	2.4434	0.252	1	0.795542857	0.204457143
5555	3134.190231	2.418	0.259	0.97534263	0.871428571	0.128571429
5555.5	3166.753247	2.4082	0.248	1	0.8134	0.1866
5556	3189.535644	2.4023	0.212	1	0.775	0.225
5556.5	3001.092918	2.4648	0.204	1	0.791071429	0.208928571
5557	2952.058111	2.4512	0.22	1	0.960714286	0.039285714
5557.5	2941.375151	2.4414	0.256	0.970280006	1	0
5558	2952.058111	2.3926	0.277	0.913961492	1	0
5558.5	2904.572224	2.4023	0.284	0.897381754	1	0
5559	2914.98905	2.3828	0.282	0.907872459	1	0
5559.5	2925.480862	2.3965	0.284	0.908924801	1	0
5560	2878.866588	2.373	0.258	0.985239607	0.893757143	0.106242857
5560.5	2962.818955	2.3613	0.233	1	0.791071429	0.208928571
5561	2968.214397	2.4004	0.224	1	0.8875	0.1125
5561.5	2997.403823	2.4063	0.24	1	0.844642857	0.155357143
5562	2973.658537	2.4355	0.261	0.990364553	0.9759	0.0241
5562.5	2982.737699	2.3906	0.258	0.998954229	0.942857143	0.057142857
5563	2968.214397	2.3887	0.26	0.992765335	1	0
5563.5	3004.791104	2.3965	0.273	0.955639273	1	0
5564	3044.194757	2.4336	0.266	0.971895301	0.941971429	0.058028571
5564.5	3071.032746	2.4551	0.261	0.983136803	0.931257143	0.068742857
5565	3048	2.459	0.242	1	0.930357143	0.069642857
5565.5	3040.399002	2.4766	0.254	0.999345417	0.958928571	0.041071429
5566	2991.90184	2.459	0.254	0.998217691	1	0
5566.5	2980.929095	2.4629	0.247	1	0.983928571	0.016071429
5567	2962.818955	2.4707	0.257	0.987066338	1	0
5567.5	2932.517462	2.4785	0.273	0.941253298	0.978571429	0.021428571
5568	2885.680473	2.4727	0.278	0.927246199	1	0
5568.5	2836.985052	2.4434	0.267	0.954111315	1	0
5569	2840.28962	2.4473	0.263	0.958643206	1	0
5569.5	2867.005916	2.4512	0.269	0.935760015	1	0
5570	2921.975209	2.4258	0.266	0.937573258	1	0
5570.5	2973.658537	2.3984	0.262	0.944421205	0.984828571	0.015171429
5571	2975.458326	2.3965	0.247	0.98405204	0.891971429	0.108028571
5571.5	2986.390759	2.4043	0.275	0.902113931	0.7625	0.2375
5572	2966.423358	2.3828	0.278	0.893715103	0.516964286	0.483035714
5572.5	2952.058111	2.3945	0.267	0.922334897	0.328571429	0.671428571
5573	2955.636364	2.4316	0.212	1	0.344642857	0.655357143
5573.5	2904.572224	2.4375	0.184	1	0.60625	0.39375
5574	2868.705882	2.3594	0.195	1	0.8384	0.1616
5574.5	2820.576886	2.332	0.239	1	0.958928571	0.041071429
5575	2802.758621	2.3438	0.254	0.982038017	0.920542857	0.079457143
5575.5	2781.961063	2.3574	0.267	0.954641273	0.958928571	0.041071429
5576	2807.586378	2.2617	0.261	0.981602051	0.933928571	0.066071429
5576.5	2861.971831	2.1953	0.272	0.960993322	0.972328571	0.027671429
5577	2941.375151	2.1563	0.259	0.993809443	0.957142857	0.042857143
5577.5	2970.036541	2.1953	0.252	1	1	0
5578	2975.458326	2.2305	0.248	1	1	0
5578.5	3074.905422	2.2598	0.273	0.927594294	1	0
5579	3208.421053	2.3027	0.28	0.890764027	1	0
5579.5	3130.166881	2.2773	0.282	0.868204314	1	0
5580	3130.166881	2.2891	0.269	0.886533079	1	0
5580.5	2993.723788	2.2793	0.302	0.80655953	0.8884	0.1116
5581	2742.857143	2.3203	0.321	0.765414888	0.622321429	0.377678571
5581.5	2722.935911	2.3477	0.271	0.867379784	0.4	0.6
5582	2781.961063	2.3164	0.2	1	0.333928571	0.666071429
5582.5	2761.494904	2.3457	0.173	1	0.508035714	0.491964286
5583	2764.62585	2.3418	0.207	1	0.767857143	0.232142857
5583.5	2793.127148	2.3809	0.252	0.908135166	0.9009	0.0991
5584	2860.279834	2.3613	0.279	0.847033763	0.926785714	0.073214286
5584.5	3126.153846	2.3574	0.277	0.859333651	0.8	0.2
5585	3202.101116	2.3281	0.269	0.885471288	0.725	0.275
5585.5	3275.218267	2.2148	0.245	0.956742328	0.688392857	0.311607143
5586	3324.335378	2.1758	0.243	0.968124721	0.785714286	0.214285714
5586.5	3166.753247	2.1855	0.233	1	0.8884	0.1116
5587	3074.905422	2.3379	0.248	0.953240388	0.958928571	0.041071429
5587.5	2914.98905	2.3242	0.252	0.9379989	0.979471429	0.020528571
5588	2703.325942	2.2871	0.28	0.86165428	1	0
5588.5	2686.930306	2.2324	0.307	0.798566175	0.841071429	0.158928571
5589	2707.816956	2.248	0.312	0.784541215	0.6125	0.3875
5589.5	2709.333333	2.2598	0.25	0.92561692	0.186161429	0.813838571
5590	2752.14447	2.2832	0.167	1	0.013392857	0.986607143
5590.5	2778.790752	2.3008	0.091	1	0.124554286	0.875445714
5591	2786.742857	2.2871	0.086	1	0.266071429	0.733928571
5591.5	2772.471757	2.2676	0.144	1	0.575892857	0.424107143
5592	2749.041714	2.2852	0.204	1	0.8384	0.1616
5592.5	2750.579806	2.3477	0.248	0.977115308	0.911614286	0.088385714
5593	2749.041714	2.3535	0.253	0.969275298	0.952685714	0.047314286
5593.5	2786.742857	2.3008	0.26	0.95420686	0.932142857	0.067857143
5594	2815.704388	2.207	0.267	0.939949152	0.908928571	0.091071429
5594.5	2788.323438	2.2051	0.277	0.918716278	0.830357143	0.169642857
5595	2793.127148	2.2559	0.271	0.938671247	0.799114286	0.200885714
5595.5	2756.799291	2.293	0.27	0.945487854	0.7759	0.2241
5596	2706.326304	2.291	0.265	0.96344872	0.752685714	0.247314286
5596.5	2678.077197	2.2852	0.259	0.984952599	0.766971429	0.233028571
5597	2689.894363	2.2852	0.258	0.992292996	0.8	0.2
5597.5	2763.046966	2.3047	0.252	1	0.861614286	0.138385714
5598	2855.269321	2.3066	0.271	0.964141677	0.875	0.125
5598.5	2897.668936	2.2852	0.271	0.968845589	0.866971429	0.133028571
5599	2832.055749	2.248	0.272	0.970861661	0.891071429	0.108928571
5599.5	2799.540758	2.2617	0.267	0.989728649	0.897328571	0.102671429
5600	2794.714981	2.3145	0.269	0.993787231	0.933928571	0.066071429
5600.5	2812.456747	2.3184	0.266	1	0.919642857	0.080357143
5601	2807.586378	2.2988	0.265	1	0.902685714	0.097314286
5601.5	2805.98389	2.2891	0.248	1	0.874114286	0.125885714
5602	2786.742857	2.2598	0.268	1	0.869642857	0.130357143
5602.5	2786.742857	2.2344	0.258	1	0.858928571	0.141071429
5603	2873.763706	2.2129	0.265	1	0.868757143	0.131242857
5603.5	2914.98905	2.25	0.248	1	0.882142857	0.117857143
5604	2923.741007	2.2813	0.25	1	0.932142857	0.067857143
5604.5	2925.480862	2.2344	0.256	1	0.8875	0.1125
5605	2825.492468	2.1836	0.248	1	0.859828571	0.140171429
5605.5	2756.799291	2.1445	0.244	1	0.817857143	0.182142857
5606	2739.775281	2.1016	0.241	1	0.826785714	0.173214286
5606.5	2698.825904	2.0664	0.244	1	0.864285714	0.135714286
5607	2725.979984	2.0391	0.251	1	0.853571429	0.146428571
5607.5	2716.868114	2.0801	0.26	1	0.880357143	0.119642857
5608	2778.790752	2.1621	0.266	1	0.827685714	0.172314286
5608.5	2774.061433	2.2773	0.269	1	0.882142857	0.117857143
5609	2815.704388	2.3457	0.271	1	0.847328571	0.152671429
5609.5	2789.93135	2.3262	0.279	1	0.865185714	0.134814286
5610	2753.686036	2.2773	0.283	0.999257597	0.823214286	0.176785714
5610.5	2739.775281	2.2422	0.276	1	0.869642857	0.130357143
5611	2739.775281	2.2246	0.275	1	0.9	0.1
5611.5	2707.816956	2.2148	0.284	1	0.973214286	0.026785714
5612	2794.714981	2.2441	0.28	1	0.936614286	0.063385714
5612.5	2805.98389	2.2656	0.268	1	0.9009	0.0991
5613	2820.576886	2.291	0.259	1	0.786614286	0.213385714
5613.5	2817.318002	2.293	0.265	1	0.761614286	0.238385714
5614	2894.229582	2.2402	0.267	1	0.732142857	0.267857143
5614.5	3084.629981	2.2617	0.271	1	0.748214286	0.251785714
5615	3286.253369	2.3301	0.265	1	0.771428571	0.228571429
5615.5	3214.765985	2.2715	0.259	1	0.853571429	0.146428571
5616	3108.221797	2.1055	0.252	1	0.8759	0.1241
5616.5	2890.798384	1.9629	0.26	1	0.873214286	0.126785714
5617	2759.919593	1.9795	0.275	1	0.765185714	0.234814286
5617.5	2801.135894	2.1055	0.269	1	0.803571429	0.196428571
5618	2823.843317	2.2598	0.279	0.983427886	0.826785714	0.173214286
5618.5	2805.98389	2.3438	0.259	1	0.953571429	0.046428571
5619	2786.742857	2.377	0.276	0.981959916	0.866071429	0.133928571
5619.5	2783.561644	2.3359	0.25	1	0.848214286	0.151785714
5620	2774.061433	2.3086	0.263	1	0.815185714	0.184814286
5620.5	2793.127148	2.2715	0.253	1	0.846428571	0.153571429
5621	2777.220957	2.2441	0.266	0.990763964	0.820542857	0.179457143
5621.5	2796.330275	2.248	0.266	0.985936111	0.7384	0.2616
5622	2860.279834	2.2656	0.275	0.956360869	0.711607143	0.288392857
5622.5	2925.480862	2.3555	0.298	0.894706649	0.603571429	0.396428571
5623	2909.785203	2.4375	0.282	0.929206261	0.422321429	0.577678571
5623.5	2895.961995	2.3477	0.227	1	0.248214286	0.751785714
5624	2802.758621	2.2773	0.177	1	0.284821429	0.715178571
5624.5	2789.93135	2.2383	0.17	1	0.527678571	0.472321429
5625	2801.135894	2.2813	0.211	1	0.741971429	0.258028571
5625.5	2810.822774	2.2871	0.243	1	0.851785714	0.148214286
5626	2902.857143	2.1523	0.273	0.927917804	0.768757143	0.231242857
5626.5	2984.577723	2.0371	0.261	0.956392256	0.7634	0.2366
5627	3144.294004	1.9824	0.266	0.93842907	0.734828571	0.265171429
5627.5	3170.871261	1.9814	0.25	0.980125648	0.7509	0.2491
5628	3156.504854	2.0078	0.253	0.967143259	0.777685714	0.222314286
5628.5	2939.587995	2.0371	0.25	0.972059129	0.7875	0.2125
5629	2812.456747	2.1133	0.254	0.956336864	0.810714286	0.189285714
5629.5	2761.494904	2.1191	0.244	0.983366999	0.747328571	0.252671429
5630	2736.700337	2.1172	0.236	1	0.707142857	0.292857143
5630.5	3204.204993	2.0957	0.235	1	0.710714286	0.289285714
5631	3391.376912	2.1309	0.241	0.984933935	0.742857143	0.257142857
5631.5	3549.344978	2.1855	0.261	0.924713955	0.747328571	0.252671429
5632	3511.015119	2.209	0.254	0.942674003	0.730357143	0.269642857
5632.5	3322.070845	2.2344	0.251	0.950379987	0.698214286	0.301785714
5633	2738.224646	2.0859	0.254	0.942268578	0.671428571	0.328571429
5633.5	2654.75164	2.0156	0.261	0.923279778	0.629464286	0.370535714
5634	2653.318825	1.9697	0.266	0.910420574	0.583928571	0.416071429
5634.5	2676.6191	2.0293	0.257	0.935751021	0.602678571	0.397321429
5635	3057.554859	2.0586	0.238	0.993695256	0.598214286	0.401785714
5635.5	2763.046966	2.1504	0.231	1	0.61875	0.38125
5636	2789.93135	2.1797	0.236	1	0.580357143	0.419642857
5636.5	2777.220957	2.0898	0.243	0.981374711	0.63125	0.36875
5637	2822.222222	1.9697	0.256	0.944049607	0.603571429	0.396428571
5637.5	2759.919593	1.917	0.247	0.971647969	0.578571429	0.421428571
5638	2735.153179	1.9629	0.244	0.981957535	0.596428571	0.403571429
5638.5	2713.844346	2.0527	0.241	0.992494626	0.654464286	0.345535714
5639	2709.333333	2.0977	0.269	0.912941898	0.798214286	0.201785714
5639.5	2727.516779	2.1211	0.289	0.864572927	0.876785714	0.123214286
5640	2732.088596	2.1406	0.287	0.86989137	0.991071429	0.008928571
5640.5	2742.857143	2.1816	0.269	0.915095618	0.9884	0.0116
5641	2727.516779	2.1895	0.262	0.936037271	0.9884	0.0116
5641.5	2725.979984	2.1484	0.267	0.924828185	0.947328571	0.052671429
5642	2721.428571	2.0547	0.271	0.91660997	0.9134	0.0866
5642.5	2741.303018	1.9658	0.304	0.840542567	0.904471429	0.095528571
5643	2772.471757	1.9658	0.314	0.821023472	0.768757143	0.231242857
5643.5	3051.814768	2.0723	0.26	0.950785882	0.619642857	0.380357143
5644	3146.322581	2.2422	0.194	1	0.60625	0.39375
5644.5	3306.305085	2.1543	0.179	1	0.786614286	0.213385714
5645	3231.809145	1.9629	0.221	1	1	0
5645.5	2966.423358	1.8232	0.26	0.955758395	1	0
5646	2850.249677	1.8203	0.268	0.933491288	1	0
5646.5	2697.345133	1.9307	0.264	0.94413568	0.892857143	0.107142857
5647	2710.8273	2.0625	0.262	0.949454158	0.910714286	0.089285714
5647.5	2703.325942	2.125	0.253	0.973422146	0.853571429	0.146428571
5648	2692.864968	2.1797	0.249	0.982999613	0.978571429	0.021428571
5648.5	2670.75575	2.1875	0.25	0.97755494	0.934828571	0.065171429
5649	2688.423374	2.1797	0.254	0.962320311	0.935714286	0.064285714
5649.5	2715.367483	2.1523	0.255	0.955095426	0.840185714	0.159814286
5650	2722.935911	2.1777	0.263	0.928486047	0.808042857	0.191957143
5650.5	2744.38832	2.1777	0.254	0.949247027	0.755357143	0.244642857
5651	2777.220957	2.1895	0.248	0.961445399	0.783928571	0.216071429
5651.5	2804.357427	2.168	0.228	1	0.75	0.25
5652	2802.611467	2.166	0.23	1	0.653571429	0.346428571
5652.5	2800.867681	2.2246	0.228	1	0.684821429	0.315178571
5653	2799.126063	2.3184	0.238	0.973294061	0.7634	0.2366
5653.5	2797.386609	2.2949	0.243	0.953933143	0.881257143	0.118742857
5654	2795.649573	2.1504	0.241	0.957577652	0.75	0.25
5654.5	2793.914436	2.1152	0.243	0.949850832	0.667857143	0.332142857
5655	2792.181452	2.1543	0.24	0.957320395	0.571428571	0.428571429
5655.5	2790.450617	2.1816	0.236	0.968999886	0.4875	0.5125
5656	2788.721925	2.1309	0.248	0.933378639	0.35625	0.64375
5656.5	2786.995375	2.1973	0.249	0.931177147	0.21875	0.78125
5657	2785.271215	2.2246	0.269	0.878025354	0.246428571	0.753571429
5657.5	2783.548934	2.252	0.253	0.920909699	0.252678571	0.747321429
5658	2781.82878	2.168	0.24	0.959535218	0.44375	0.55625
5658.5	2780.110752	2.1777	0.216	1	0.5875	0.4125
5659	2778.394844	2.2129	0.217	1	0.783042857	0.216957143
5659.5	2776.681054	2.2793	0.23	0.991839141	0.858042857	0.141957143
5660	2774.969628	2.2871	0.24	0.959745889	0.819642857	0.180357143
5660.5	2773.260059	2.3379	0.24	0.960174381	0.797328571	0.202671429
5661	2771.552595	2.4766	0.231	0.989799523	0.719642857	0.280357143
5661.5	2769.847232	2.6465	0.231	0.990746877	0.758928571	0.241071429
5662	2768.143967	2.6816	0.233	0.985031672	0.745542857	0.254457143
5662.5	2766.442795	2.4141	0.239	0.966439467	0.7634	0.2366
5663	2764.743963	2.2031	0.237	0.973224114	0.782142857	0.217857143
5663.5	2763.046966	2.0625	0.226	1	0.811614286	0.188385714
5664	2638.961039	2.0566	0.224	1	0.858042857	0.141957143
5664.5	2681.021744	2.1191	0.204	1	0.8125	0.1875
5665	2741.303018	2.1855	0.216	1	0.798214286	0.201785714
5665.5	2682.508251	2.2207	0.225	1	0.801785714	0.198214286
5666	2681.021744	2.2559	0.238	0.970407769	0.857142857	0.142857143
5666.5	2689.894363	2.2773	0.255	0.920274519	0.939285714	0.060714286
5667	2692.864968	2.3008	0.259	0.908929744	0.9509	0.0491
5667.5	2694.364641	2.3008	0.273	0.871814515	0.983928571	0.016071429
5668	2689.894363	2.2109	0.26	0.904147346	0.922328571	0.077671429
5668.5	2686.930306	2.1602	0.271	0.874784611	0.880357143	0.119642857
5669	2697.345133	2.1523	0.274	0.866688746	0.841971429	0.158028571
5669.5	2689.894363	2.1875	0.279	0.854006258	0.690178571	0.309821429
5670	2682.508251	2.1895	0.252	0.922874487	0.665178571	0.334821429
5670.5	2695.842141	2.1484	0.235	0.975526958	0.554464286	0.445535714
5671	2683.972773	2.1113	0.217	1	0.514285714	0.485714286
5671.5	2683.972773	2.082	0.207	1	0.440178571	0.559821429
5672	2681.021744	2.0801	0.185	1	0.53125	0.46875
5672.5	2664.918033	2.0996	0.174	1	0.746428571	0.253571429
5673	2660.544853	2.1133	0.211	1	0.872328571	0.127671429
5673.5	2659.10578	2.1504	0.24	0.990245003	0.958042857	0.041957143
5674	2650.434783	2.1719	0.263	0.930530759	1	0
5674.5	2657.645089	2.2227	0.265	0.932930041	1	0
5675	2669.282236	2.2227	0.274	0.917053497	1	0
5675.5	2667.833698	2.2754	0.267	0.942228255	1	0
5676	2678.077197	2.252	0.263	0.960187761	1	0
5676.5	2681.021744	2.2598	0.263	0.967283353	0.960714286	0.039285714
5677	2663.450952	2.1855	0.26	0.980373134	0.828571429	0.171428571
5677.5	2647.557003	2.1895	0.254	1	0.772328571	0.227671429
5678	2644.685466	2.1934	0.245	1	0.7634	0.2366
5678.5	2641.820152	2.207	0.226	1	0.827685714	0.172314286
5679	2638.961039	2.209	0.231	1	0.746428571	0.253571429
5679.5	2637.52239	2.1875	0.232	1	0.752685714	0.247314286
5680	2641.820152	2.2285	0.247	1	0.621428571	0.378571429
5680.5	2616.309013	2.2266	0.231	1	0.572321429	0.427678571
5681	2633.261339	2.2344	0.216	1	0.535714286	0.464285714
5681.5	2640.378385	2.2109	0.202	1	0.716971429	0.283028571
5682	2630.420712	2.1777	0.22	1	0.834828571	0.165171429
5682.5	2626.15993	2.0996	0.226	1	0.852685714	0.147314286
5683	2619.119227	2.002	0.25	0.984629136	0.777685714	0.222314286
5683.5	2637.52239	2.002	0.245	0.993211467	0.666071429	0.333928571
5684	2637.52239	2.0918	0.25	0.97117729	0.602678571	0.397321429
5684.5	2633.261339	2.2793	0.225	1	0.478571429	0.521428571
5685	2634.672568	2.3438	0.212	1	0.390178571	0.609821429
5685.5	2637.52239	2.25	0.209	1	0.257142857	0.742857143
5686	2637.52239	2.1367	0.222	1	0.18884	0.81116
5686.5	2638.961039	2.1465	0.243	0.966542985	0.175892857	0.824107143
5687	2634.672568	2.2246	0.259	0.917184594	0.211607143	0.788392857
5687.5	2630.420712	2.3125	0.25	0.939407139	0.328571429	0.671428571
5688	2626.15993	2.2852	0.219	1	0.474107143	0.525892857
5688.5	2641.820152	2.2305	0.192	1	0.674107143	0.325892857
5689	2636.108108	2.1719	0.185	1	0.659821429	0.340178571
5689.5	2646.10897	2.127	0.211	1	0.619642857	0.380357143
5690	2637.52239	2.1465	0.221	1	0.461607143	0.538392857
5690.5	2651.864483	2.0801	0.198	1	0.414285714	0.585714286
5691	2603.726199	2.0176	0.173	1	0.473214286	0.526785714
5691.5	2657.645089	1.9268	0.179	1	0.641071429	0.358928571
5692	2656.20915	1.9756	0.196	1	0.819642857	0.180357143
5692.5	2651.864483	2.0078	0.226	1	0.902685714	0.097314286
5693	2650.434783	2.0859	0.232	1	0.916971429	0.083028571
5693.5	2638.961039	2.1055	0.242	1	0.995542857	0.004457143
5694	2835.348837	2.1621	0.244	1	0.9634	0.0366
5694.5	3015.940552	2.2324	0.256	0.970881842	0.943757143	0.056242857
5695	3281.830417	2.3359	0.26	0.961995115	0.893757143	0.106242857
5695.5	3231.809145	2.4063	0.266	0.946522921	0.9509	0.0491
5696	3061.393597	2.332	0.259	0.96747204	0.9884	0.0116
5696.5	2873.763706	2.2598	0.253	0.985767658	0.9884	0.0116
5697	2722.935911	2.0566	0.236	1	0.833042857	0.166957143
5697.5	2710.8273	1.9668	0.212	1	0.731257143	0.268742857
5698	2712.347052	1.9697	0.206	1	0.707142857	0.292857143
5698.5	2704.81329	2.0781	0.208	1	0.805357143	0.194642857
5699	2713.844346	2.1348	0.226	1	0.833928571	0.166071429
5699.5	2724.469274	2.0918	0.23	1	0.7759	0.2241
5700	2727.516779	2.1602	0.219	1	0.705357143	0.294642857
5700.5	2788.323438	2.2129	0.226	1	0.714285714	0.285714286
5701	2797.921754	2.3066	0.234	1	0.742857143	0.257142857
5701.5	2809.21659	2.2637	0.245	1	0.8009	0.1991
5702	2807.586378	2.2461	0.243	1	0.874114286	0.125885714
5702.5	2775.627658	2.2148	0.256	0.974975681	0.869642857	0.130357143
5703	2733.632287	2.1113	0.269	0.939049479	0.876785714	0.123214286
5703.5	2739.775281	2.0918	0.259	0.96475395	0.816071429	0.183928571
5704	2712.347052	2.1133	0.244	1	0.676785714	0.323214286
5704.5	2683.972773	2.2129	0.217	1	0.577678571	0.422321429
5705	2667.833698	2.2148	0.204	1	0.655357143	0.344642857
5705.5	2676.6191	2.1367	0.203	1	0.870542857	0.129457143
5706	2744.38832	2.1426	0.238	1	1	0
5706.5	2778.790752	2.1719	0.265	0.92506231	0.864285714	0.135714286
5707	2780.387685	2.2324	0.252	0.958459349	0.709821429	0.290178571
5707.5	2758.371041	2.2637	0.226	1	0.533035714	0.466964286
5708	2733.632287	2.2461	0.218	1	0.473214286	0.526785714
5708.5	2753.686036	2.168	0.231	1	0.314285714	0.685714286
5709	2812.456747	2.127	0.206	1	0.187054286	0.812945714
5709.5	2786.742857	2.1484	0.155	1	0.137054286	0.862945714
5710	2774.061433	2.2773	0.136	1	0.324107143	0.675892857
5710.5	2739.775281	2.2871	0.163	1	0.48125	0.51875
5711	2704.81329	2.248	0.209	1	0.655357143	0.344642857
5711.5	2624.757804	2.209	0.237	0.984410591	0.728571429	0.271428571
5712	2607.914439	2.2012	0.262	0.909194148	0.857142857	0.142857143
5712.5	2628.991357	2.2383	0.271	0.883860794	0.895542857	0.104457143
5713	2657.645089	2.2324	0.271	0.881880737	0.933928571	0.066071429
5713.5	2706.326304	2.2148	0.266	0.892628544	0.872328571	0.127671429
5714	2774.061433	2.1211	0.257	0.914571799	0.739285714	0.260714286
5714.5	2899.40547	2.1641	0.246	0.94395751	0.625892857	0.374107143
5715	3032.835821	2.2344	0.217	1	0.666071429	0.333928571
5715.5	3046.080969	2.209	0.208	1	0.757142857	0.242857143
5716	2895.961995	2.1113	0.217	1	0.842857143	0.157142857
5716.5	2817.318002	2.0352	0.232	0.981549659	0.8509	0.1491
5717	2628.991357	2.0801	0.24	0.955105371	0.903571429	0.096428571
5717.5	2638.961039	2.1328	0.236	0.966379879	0.790185714	0.209814286
5718	2641.820152	2.1563	0.202	1	0.657142857	0.342857143
5718.5	2641.820152	2.1406	0.186	1	0.564285714	0.435714286
5719	2679.56044	2.1367	0.192	1	0.699107143	0.300892857
5719.5	2679.56044	2.1777	0.221	1	0.8125	0.1875
5720	2683.972773	2.2188	0.233	0.972411742	0.886614286	0.113385714
5720.5	2683.972773	2.1836	0.241	0.946740662	0.856257143	0.143742857
5721	2713.844346	2.1602	0.238	0.955381043	0.836614286	0.163385714
5721.5	2721.428571	2.1699	0.221	1	0.773214286	0.226785714
5722	2719.898628	2.2363	0.224	1	0.727685714	0.272314286
5722.5	2724.469274	2.2539	0.209	1	0.717857143	0.282142857
5723	2732.088596	2.2832	0.22	1	0.817857143	0.182142857
5723.5	2739.775281	2.2637	0.224	1	0.919642857	0.080357143
5724	2756.799291	2.248	0.258	0.905046752	0.8875	0.1125
5724.5	2759.919593	2.2266	0.253	0.919912393	0.59375	0.40625
5725	2761.494904	2.2031	0.203	1	0.232142857	0.767857143
5725.5	2769.323024	2.2344	0.133	1	0.099554286	0.900445714
5726	2783.561644	2.2539	0.122	1	0.242857143	0.757142857
5726.5	2796.330275	2.3262	0.184	1	0.482142857	0.517857143
5727	2805.98389	2.3652	0.237	0.965861334	0.635714286	0.364285714
5727.5	2827.117324	2.293	0.254	0.914406296	0.7509	0.2491
5728	2840.28962	2.1719	0.256	0.908299717	0.808042857	0.191957143
5728.5	2901.116473	2.1348	0.254	0.913196315	0.857142857	0.142857143
5729	2908.036217	2.1953	0.237	0.962594615	0.776785714	0.223214286
5729.5	2925.480862	2.291	0.211	1	0.751785714	0.248214286
5730	2877.154562	2.2832	0.195	1	0.784828571	0.215171429
5730.5	2843.601896	2.2598	0.198	1	0.884828571	0.115171429
5731	2810.822774	2.2285	0.219	1	0.9509	0.0491
5731.5	2781.961063	2.1992	0.219	1	0.983042857	0.016957143
5732	2777.220957	2.1758	0.239	0.961344274	0.960714286	0.039285714
5732.5	2815.704388	2.1641	0.247	0.938544857	0.975	0.025
5733	2833.688164	2.2051	0.271	0.874800987	0.9134	0.0866
5733.5	2868.705882	2.2285	0.263	0.896178696	0.903571429	0.096428571
5734	2914.98905	2.2578	0.253	0.924324964	0.846428571	0.153571429
5734.5	2970.036541	2.2676	0.239	0.964889734	0.766071429	0.233928571
5735	3114.176245	2.293	0.236	0.97322975	0.708928571	0.291071429
5735.5	3244.710579	2.2441	0.231	0.988302779	0.6875	0.3125
5736	3277.419355	2.1445	0.226	1	0.7509	0.2491
5736.5	3214.765985	2.1133	0.215	1	0.761614286	0.238385714
5737	3072.967864	2.0996	0.223	1	0.816071429	0.183928571
5737.5	2911.508482	2.1563	0.228	0.992972051	0.790185714	0.209814286
5738	2943.136062	2.1895	0.252	0.918824895	0.864285714	0.135714286
5738.5	2875.471698	2.207	0.264	0.88601631	0.866971429	0.133028571
5739	2971.831947	2.2422	0.252	0.917872062	0.9125	0.0875
5739.5	3051.814768	2.2617	0.249	0.926719238	0.944642857	0.055357143
5740	2995.577396	2.2695	0.241	0.950672174	0.941971429	0.058028571
5740.5	3238.247012	2.1973	0.25	0.924552223	0.898214286	0.101785714
5741	3257.715431	2.1953	0.244	0.941943847	0.807142857	0.192857143
5741.5	3458.723404	2.2949	0.254	0.913072	0.749114286	0.250885714
5742	3400.83682	2.3652	0.257	0.904668196	0.721428571	0.278571429
5742.5	3292.910196	2.3828	0.255	0.909598295	0.724114286	0.275885714
5743	3212.648221	2.3496	0.241	0.949086282	0.741071429	0.258928571
5743.5	2962.818955	2.3809	0.24	0.951196496	0.705357143	0.294642857
5744	2841.958042	2.2793	0.239	0.95355092	0.691964286	0.308035714
5744.5	2725.979984	2.1738	0.232	0.97579182	0.653571429	0.346428571
5745	2559.989249	2.1172	0.228	0.989112663	0.679464286	0.320535714
5745.5	2566.736842	2.1074	0.236	0.963354319	0.675892857	0.324107143
5746	2581.672497	2.084	0.245	0.936430784	0.651785714	0.348214286
5746.5	2599.573561	2.043	0.244	0.93985066	0.732142857	0.267857143
5747	2585.790032	2.0566	0.245	0.937362973	0.733042857	0.266957143
5747.5	2616.309013	2.0664	0.22	1	0.775	0.225
5748	2636.108108	2.125	0.219	1	0.702678571	0.297321429
5748.5	2681.021744	2.166	0.217	1	0.669642857	0.330357143
5749	2758.371041	2.2539	0.22	1	0.65	0.35
5749.5	2786.742857	2.209	0.226	1	0.626785714	0.373214286
5750	2802.758621	2.125	0.224	1	0.583928571	0.416071429
5750.5	2815.704388	2.1074	0.223	1	0.516071429	0.483928571
5751	2822.222222	2.1445	0.224	1	0.507142857	0.492857143
5751.5	2887.375311	2.2402	0.217	1	0.435714286	0.564285714
5752	2946.692705	2.2715	0.224	1	0.389285714	0.610714286
5752.5	2950.257954	2.2949	0.212	1	0.282142857	0.717857143
5753	2921.975209	2.2695	0.208	1	0.389285714	0.610714286
5753.5	2873.763706	2.2559	0.194	1	0.489285714	0.510714286
5754	2802.758621	2.2461	0.199	1	0.698214286	0.301785714
5754.5	2802.758621	2.2656	0.23	1	0.740185714	0.259814286
5755	2814.06664	2.25	0.222	1	0.742857143	0.257142857
5755.5	2846.921906	2.2246	0.225	1	0.7384	0.2616
5756	2825.492468	2.2363	0.228	1	0.721428571	0.278571429
5756.5	2817.318002	2.2539	0.241	0.983950189	0.733928571	0.266071429
5757	2759.919593	2.2637	0.24	0.987679222	0.700892857	0.299107143
5757.5	2712.347052	2.2305	0.233	1	0.741071429	0.258928571
5758	2753.686036	2.2129	0.236	0.99949153	0.816071429	0.183928571
5758.5	2823.843317	2.2129	0.247	0.964510192	0.803571429	0.196428571
5759	2902.857143	2.2168	0.256	0.937921184	0.793757143	0.206242857
5759.5	2995.577396	2.2793	0.25	0.954898412	0.703571429	0.296428571
5760	3042.280513	2.2988	0.254	0.94299408	0.768757143	0.231242857
5760.5	2986.390759	2.291	0.27	0.899375122	0.761614286	0.238385714
5761	2973.658537	2.2676	0.263	0.917455847	0.755357143	0.244642857
5761.5	2979.093566	2.2793	0.25	0.953668665	0.754471429	0.245528571
5762	2993.723788	2.3613	0.227	1	0.757142857	0.242857143
5762.5	3015.940552	2.4023	0.226	1	0.783928571	0.216071429
5763	2971.831947	2.3672	0.238	0.992055936	0.717857143	0.282142857
5763.5	2899.40547	2.2695	0.231	1	0.66875	0.33125
5764	2855.269321	2.1855	0.224	1	0.666964286	0.333035714
5764.5	2778.790752	2.1758	0.225	1	0.6875	0.3125
5765	2749.041714	2.1699	0.223	1	0.716971429	0.283028571
5765.5	2758.371041	2.1875	0.217	1	0.718757143	0.281242857
5766	2727.516779	2.207	0.214	1	0.695535714	0.304464286
5766.5	2735.153179	2.2617	0.227	1	0.744642857	0.255357143
5767	2756.799291	2.2813	0.228	1	0.739285714	0.260714286
5767.5	2783.561644	2.2637	0.228	1	0.803571429	0.196428571
5768	2817.318002	2.2832	0.224	1	0.808928571	0.191071429
5768.5	2937.831325	2.2832	0.234	1	0.803571429	0.196428571
5769	2999.261993	2.3086	0.242	0.996214055	0.728571429	0.271428571
5769.5	2999.261993	2.3008	0.246	0.983617358	0.673214286	0.326785714
5770	2982.737699	2.2734	0.243	0.992853372	0.776785714	0.223214286
5770.5	2950.257954	2.2422	0.231	1	0.816971429	0.183028571
5771	2894.229582	2.1875	0.233	1	0.805357143	0.194642857
5771.5	2875.471698	2.1621	0.239	1	0.702678571	0.297321429
5772	2855.269321	2.166	0.24	1	0.641071429	0.358928571
5772.5	2796.330275	2.1465	0.237	1	0.639285714	0.360714286
5773	2761.494904	2.1348	0.235	1	0.666964286	0.333035714
5773.5	2741.303018	2.168	0.236	1	0.710714286	0.289285714
5774	2744.38832	2.2266	0.228	1	0.769642857	0.230357143
5774.5	2745.945946	2.2813	0.217	1	0.780357143	0.219642857
5775	2815.704388	2.2637	0.234	1	0.735714286	0.264285714
5775.5	2853.585238	2.2656	0.232	1	0.721428571	0.278571429
5776	2930.769231	2.2754	0.235	1	0.622321429	0.377678571
5776.5	2878.866588	2.3047	0.237	1	0.655357143	0.344642857
5777	2809.21659	2.3027	0.237	1	0.659821429	0.340178571
5777.5	2793.127148	2.2598	0.237	1	0.759828571	0.240171429
5778	2796.330275	2.248	0.242	0.994271906	0.758928571	0.241071429
5778.5	2848.598131	2.2813	0.25	0.96902492	0.7375	0.2625
5779	2877.154562	2.3574	0.249	0.971997939	0.722328571	0.277671429
5779.5	2927.2509	2.3477	0.252	0.963053721	0.710714286	0.289285714
5780	2973.658537	2.2832	0.255	0.954305628	0.710714286	0.289285714
5780.5	3140.244688	2.2402	0.25	0.969359286	0.680357143	0.319642857
5781	3142.268041	2.2559	0.245	0.984951605	0.698214286	0.301785714
5781.5	3029.068323	2.2676	0.238	1	0.718757143	0.281242857
5782	2860.279834	2.2402	0.255	0.9562692	0.7634	0.2366
5782.5	2793.127148	2.1934	0.25	0.97193513	0.811614286	0.188385714
5783	2752.14447	2.1699	0.247	0.981997281	0.839285714	0.160714286
5783.5	2793.127148	2.1426	0.231	1	0.8259	0.1741
5784	2786.742857	2.1133	0.221	1	0.751785714	0.248214286
5784.5	2836.985052	2.1309	0.233	1	0.764285714	0.235714286
5785	2858.616647	2.1953	0.243	0.996008027	0.716071429	0.283928571
5785.5	2957.414397	2.2383	0.245	0.988391476	0.791071429	0.208928571
5786	2980.929095	2.2344	0.258	0.948522017	0.711607143	0.288392857
5786.5	2971.831947	2.1973	0.262	0.936080125	0.773214286	0.226785714
5787	2964.605643	2.1621	0.272	0.90856621	0.721428571	0.278571429
5787.5	2936.048472	2.1016	0.252	0.962682762	0.756257143	0.243742857
5788	2841.958042	2.0391	0.263	0.930643705	0.759828571	0.240171429
5788.5	2840.90459	2.0273	0.259	0.941086993	0.708928571	0.291071429
5789	2839.851918	2.0898	0.267	0.918881639	0.708928571	0.291071429
5789.5	2838.799761	2.1777	0.257	0.945861556	0.6875	0.3125
5790	2837.748649	2.1973	0.243	0.986886289	0.730357143	0.269642857
5790.5	2836.698314	2.1602	0.233	1	0.676785714	0.323214286
5791	2835.648493	2.1191	0.23	1	0.7	0.3
5791.5	2834.599712	2.084	0.233	1	0.769642857	0.230357143
5792	2833.551706	2.1016	0.24	0.992756437	0.890185714	0.109814286
5792.5	2832.504213	2.1387	0.252	0.955772277	0.879471429	0.120528571
5793	2831.457756	2.1738	0.258	0.938240921	0.778571429	0.221428571
5793.5	2830.412072	2.1543	0.251	0.957617829	0.673214286	0.326785714
5794	2829.36716	2.1406	0.24	0.990410033	0.630357143	0.369642857
5794.5	2828.32302	2.1738	0.228	1	0.641964286	0.358035714
5795	2827.279387	2.1719	0.228	1	0.659821429	0.340178571
5795.5	2826.236787	2.2031	0.237	0.997612919	0.683928571	0.316071429
5796	2825.194955	2.3047	0.238	0.993597011	0.698214286	0.301785714
5796.5	2824.15363	2.3164	0.242	0.980609582	0.703571429	0.296428571
5797	2823.113333	2.1992	0.227	1	0.708928571	0.291071429
5797.5	2822.073802	2.0566	0.24	0.989566049	0.7509	0.2491
5798	2821.034776	2.0566	0.241	0.987743059	0.708035714	0.291964286
5798.5	2819.996775	2.168	0.252	0.957277222	0.68125	0.31875
5799	2818.959538	2.2871	0.238	1	0.642857143	0.357142857
5799.5	2846.921906	2.2773	0.236	1	0.614285714	0.385714286
5800	2901.116473	2.2441	0.232	1	0.626785714	0.373214286
5800.5	3088.537049	2.3613	0.228	1	0.580357143	0.419642857
5801	3195.806029	2.4238	0.214	1	0.608035714	0.391964286
5801.5	3264.257028	2.3652	0.222	1	0.608928571	0.391071429
5802	3158.549223	2.2285	0.223	1	0.61875	0.38125
5802.5	3046.080969	2.1816	0.242	1	0.667857143	0.332142857
5803	2953.831841	2.2539	0.25	0.983342698	0.679464286	0.320535714
5803.5	2911.508482	2.3105	0.259	0.957124937	0.721428571	0.278571429
5804	2870.380834	2.3691	0.253	0.974756854	0.747328571	0.252671429
5804.5	2860.279834	2.3945	0.243	1	0.764285714	0.235714286
5805	2853.585238	2.4023	0.236	1	0.764285714	0.235714286
5805.5	2892.52669	2.377	0.228	1	0.730357143	0.269642857
5806	2901.116473	2.2656	0.23	1	0.7634	0.2366
5806.5	2909.785203	2.1855	0.237	1	0.798214286	0.201785714
5807	2909.785203	2.1523	0.241	1	0.803571429	0.196428571
5807.5	2863.638926	2.2109	0.235	1	0.740185714	0.259814286
5808	2836.985052	2.2813	0.244	0.998878017	0.716971429	0.283028571
5808.5	2812.456747	2.2578	0.247	0.989553991	0.65625	0.34375
5809	2802.758621	2.2109	0.242	1	0.639285714	0.360714286
5809.5	2794.714981	2.1602	0.223	1	0.645535714	0.354464286
5810	2801.135894	2.1895	0.218	1	0.709821429	0.290178571
5810.5	2785.138617	2.2246	0.234	1	0.705357143	0.294642857
5811	2804.357427	2.248	0.227	1	0.694642857	0.305357143
5811.5	2788.323438	2.25	0.233	1	0.667857143	0.332142857
5812	2785.138617	2.2559	0.237	1	0.640178571	0.359821429
5812.5	2778.790752	2.2461	0.245	0.99428275	0.610714286	0.389285714
5813	2781.961063	2.2598	0.236	1	0.623214286	0.376785714
5813.5	2799.540758	2.252	0.239	1	0.667857143	0.332142857
5814	2804.357427	2.291	0.233	1	0.673214286	0.326785714
5814.5	2814.06664	2.293	0.242	1	0.7125	0.2875
5815	2823.843317	2.2871	0.23	1	0.7509	0.2491
5815.5	2817.318002	2.2734	0.232	1	0.782142857	0.217857143
5816	2817.318002	2.291	0.218	1	0.768757143	0.231242857
5816.5	2825.492468	2.3164	0.215	1	0.752685714	0.247314286
5817	2827.117324	2.3496	0.238	1	0.785714286	0.214285714
5817.5	2851.929825	2.3457	0.255	0.971537046	0.742857143	0.257142857
5818	2856.928614	2.3477	0.264	0.946948655	0.70625	0.29375
5818.5	2845.274212	2.3418	0.277	0.913751503	0.707142857	0.292857143
5819	2840.28962	2.3262	0.275	0.92008713	0.798214286	0.201785714
5819.5	2835.348837	2.3105	0.266	0.945275656	0.8384	0.1616
5820	2814.06664	2.3105	0.242	1	0.827685714	0.172314286
5820.5	2822.222222	2.2969	0.237	1	0.758928571	0.241071429
5821	2838.649593	2.2363	0.238	1	0.701785714	0.298214286
5821.5	2833.688164	2.2402	0.238	1	0.6875	0.3125
5822	2838.649593	2.2969	0.233	1	0.703571429	0.296428571
5822.5	2802.758621	2.3926	0.239	1	0.698214286	0.301785714
5823	2845.274212	2.252	0.239	1	0.639285714	0.360714286
5823.5	2870.380834	2.1875	0.236	1	0.596428571	0.403571429
5824	2868.705882	2.1484	0.25	0.998263434	0.6375	0.3625
5824.5	2897.668936	2.2695	0.247	1	0.674107143	0.325892857
5825	2863.638926	2.3281	0.252	0.990301526	0.695535714	0.304464286
5825.5	2840.28962	2.3496	0.245	1	0.708928571	0.291071429
5826	2835.348837	2.3066	0.241	1	0.743757143	0.256242857
5826.5	2823.843317	2.2813	0.231	1	0.7384	0.2616
5827	2810.822774	2.2617	0.235	1	0.729471429	0.270528571
5827.5	2805.98389	2.2383	0.238	1	0.683928571	0.316071429
5828	2799.540758	2.2422	0.25	0.983740954	0.646428571	0.353571429
5828.5	2794.714981	2.2031	0.247	0.989654182	0.595535714	0.404464286
5829	2780.387685	2.1914	0.252	0.97130735	0.607142857	0.392857143
5829.5	2789.93135	2.1699	0.242	0.99871219	0.741971429	0.258028571
5830	2785.138617	2.2285	0.237	1	0.783928571	0.216071429
5830.5	2804.357427	2.2969	0.234	1	0.775	0.225
5831	2817.318002	2.3301	0.234	1	0.6625	0.3375
5831.5	2838.649593	2.3535	0.244	0.978471187	0.695535714	0.304464286
5832	2882.269504	2.2852	0.235	1	0.677678571	0.322321429
5832.5	2890.798384	2.2715	0.224	1	0.701785714	0.298214286
5833	2880.553429	2.2305	0.216	1	0.669642857	0.330357143
5833.5	2878.866588	2.2773	0.212	1	0.661607143	0.338392857
5834	2843.601896	2.2969	0.224	1	0.582142857	0.417857143
5834.5	2838.649593	2.3184	0.228	1	0.564285714	0.435714286
5835	2858.616647	2.3242	0.231	0.997659536	0.592857143	0.407142857
5835.5	2861.971831	2.2969	0.23	0.997877485	0.65	0.35
5836	2863.638926	2.2988	0.221	1	0.578571429	0.421428571
5836.5	2873.763706	2.3027	0.226	1	0.579464286	0.420535714
5837	2861.971831	2.3164	0.227	0.998764625	0.572321429	0.427678571
5837.5	2841.958042	2.3242	0.236	0.966562811	0.654464286	0.345535714
5838	2870.380834	2.3516	0.242	0.94616074	0.696428571	0.303571429
5838.5	2853.585238	2.375	0.234	0.969039408	0.69375	0.30625
5839	2846.921906	2.3262	0.227	0.989999729	0.739285714	0.260714286
5839.5	2823.843317	2.2559	0.23	0.977682599	0.717857143	0.282142857
5840	2807.586378	2.2207	0.242	0.937847363	0.770542857	0.229457143
5840.5	2801.135894	2.2676	0.246	0.923842089	0.695535714	0.304464286
5841	2794.714981	2.3262	0.241	0.936225764	0.660714286	0.339285714
5841.5	2794.714981	2.3496	0.232	0.961632165	0.654464286	0.345535714
5842	2801.135894	2.3477	0.232	0.959214055	0.678571429	0.321428571
5842.5	2801.135894	2.3555	0.218	1	0.680357143	0.319642857
5843	2827.117324	2.3242	0.217	1	0.683035714	0.316964286
5843.5	2843.601896	2.2676	0.211	1	0.683035714	0.316964286
5844	2846.921906	2.2148	0.216	1	0.683928571	0.316071429
5844.5	2865.3349	2.2344	0.224	0.977996382	0.675892857	0.324107143
5845	2855.269321	2.291	0.24	0.926663347	0.699107143	0.300892857
5845.5	2861.971831	2.3281	0.229	0.959993477	0.772328571	0.227671429
5846	2846.921906	2.3418	0.22	0.98969748	0.748214286	0.251785714
5846.5	2822.222222	2.3164	0.213	1	0.766071429	0.233928571
5847	2828.770302	2.2969	0.225	0.972140469	0.659821429	0.340178571
5847.5	2812.456747	2.2676	0.215	1	0.742857143	0.257142857
5848	2815.704388	2.2734	0.217	1	0.7	0.3
5848.5	2814.06664	2.291	0.203	1	0.702678571	0.297321429
5849	2783.561644	2.3203	0.209	1	0.633928571	0.366071429
5849.5	2789.93135	2.2871	0.214	1	0.633035714	0.366964286
5850	2777.220957	2.2461	0.216	1	0.694642857	0.305357143
5850.5	2774.061433	2.1992	0.213	1	0.636607143	0.363392857
5851	2781.961063	2.2109	0.206	1	0.653571429	0.346428571
5851.5	2783.561644	2.2246	0.206	1	0.648214286	0.351785714
5852	2783.561644	2.2441	0.226	0.98663717	0.692857143	0.307142857
5852.5	2791.515551	2.2656	0.22	1	0.661607143	0.338392857
5853	2789.93135	2.2852	0.212	1	0.655357143	0.344642857
5853.5	2783.561644	2.3086	0.207	1	0.683035714	0.316964286
5854	2786.742857	2.3027	0.223	1	0.751785714	0.248214286
5854.5	2809.21659	2.3125	0.235	0.976977495	0.7509	0.2491
5855	2801.135894	2.2813	0.236	0.978109253	0.7509	0.2491
5855.5	2809.21659	2.2578	0.228	1	0.742857143	0.257142857
5856	2814.06664	2.2441	0.231	1	0.710714286	0.289285714
5856.5	2807.586378	2.2578	0.23	1	0.6625	0.3375
5857	2804.357427	2.3125	0.245	0.960863362	0.664285714	0.335714286
5857.5	2804.357427	2.3496	0.25	0.946869719	0.697321429	0.302678571
5858	2794.714981	2.3984	0.249	0.950355751	0.718757143	0.281242857
5858.5	2774.061433	2.373	0.231	1	0.766971429	0.233028571
5859	2796.330275	2.3672	0.219	1	0.795542857	0.204457143
5859.5	2832.055749	2.3438	0.228	1	0.815185714	0.184814286
5860	2848.598131	2.3691	0.236	0.995613196	0.786614286	0.213385714
5860.5	2855.269321	2.3809	0.238	0.990892036	0.753571429	0.246428571
5861	2850.249677	2.3398	0.233	1	0.759828571	0.240171429
5861.5	2812.456747	2.2852	0.241	0.984929057	0.759828571	0.240171429
5862	2822.222222	2.2637	0.246	0.971237636	0.789285714	0.210714286
5862.5	2838.649593	2.3164	0.246	0.972914503	0.816971429	0.183028571
5863	2851.929825	2.375	0.23	1	0.824114286	0.175885714
5863.5	2845.274212	2.4102	0.234	1	0.839285714	0.160714286
5864	2850.249677	2.3789	0.228	1	0.832142857	0.167857143
5864.5	2838.649593	2.3477	0.246	0.980329769	0.857142857	0.142857143
5865	2853.585238	2.3242	0.248	0.976317513	0.865185714	0.134814286
5865.5	2856.928614	2.3125	0.249	0.975133384	0.831257143	0.168742857
5866	2867.005916	2.291	0.244	0.992003942	0.794642857	0.205357143
5866.5	2855.269321	2.2598	0.241	1	0.753571429	0.246428571
5867	2863.638926	2.2813	0.227	1	0.778571429	0.221428571
5867.5	2856.928614	2.2813	0.216	1	0.758042857	0.241957143
5868	2870.380834	2.2578	0.22	1	0.807142857	0.192857143
5868.5	2870.380834	2.1973	0.237	1	0.782142857	0.217857143
5869	2858.616647	2.166	0.276	0.908219999	0.685714286	0.314285714
5869.5	2868.705882	2.1797	0.273	0.916539855	0.445535714	0.554464286
5870	2863.638926	2.2383	0.24	1	0.366071429	0.633928571
5870.5	2861.971831	2.3203	0.192	1	0.435714286	0.564285714
5871	2846.921906	2.3711	0.189	1	0.697321429	0.302678571
5871.5	2851.929825	2.3203	0.218	1	0.902685714	0.097314286
5872	2848.598131	2.293	0.241	1	1	0
5872.5	2836.985052	2.248	0.247	0.995392317	1	0
5873	2830.39893	2.2891	0.248	0.994691041	0.923214286	0.076785714
5873.5	2825.492468	2.2988	0.256	0.973039694	0.934828571	0.065171429
5874	2814.06664	2.2832	0.253	0.985327934	0.955357143	0.044642857
5874.5	2799.540758	2.2598	0.264	0.956899263	0.933928571	0.066071429
5875	2786.742857	2.2734	0.261	0.968763033	0.828571429	0.171428571
5875.5	2783.561644	2.3496	0.257	0.981968048	0.733928571	0.266071429
5876	2788.323438	2.3633	0.247	1	0.726785714	0.273214286
5876.5	2780.387685	2.334	0.245	1	0.7125	0.2875
5877	2791.515551	2.2813	0.246	1	0.764285714	0.235714286
5877.5	2793.127148	2.2852	0.257	0.983725747	0.772328571	0.227671429
5878	2791.515551	2.3047	0.259	0.977402378	0.8509	0.1491
5878.5	2802.758621	2.3086	0.251	1	0.829471429	0.170528571
5879	2825.492468	2.3066	0.242	1	0.852685714	0.147314286
5879.5	2845.274212	2.2734	0.244	1	0.843757143	0.156242857
5880	2850.249677	2.2578	0.247	1	0.840185714	0.159814286
5880.5	2856.928614	2.2559	0.235	1	0.825	0.175
5881	2855.269321	2.2734	0.236	1	0.8009	0.1991
5881.5	2846.921906	2.2441	0.231	1	0.777685714	0.222314286
5882	2848.598131	2.2129	0.229	1	0.764285714	0.235714286
5882.5	2830.39893	2.1895	0.214	1	0.771428571	0.228571429
5883	2823.843317	2.2109	0.235	1	0.808928571	0.191071429
5883.5	2820.576886	2.1855	0.239	1	0.803571429	0.196428571
5884	2796.330275	2.1816	0.24	0.992208525	0.791071429	0.208928571
5884.5	2791.515551	2.2188	0.229	1	0.739285714	0.260714286
5885	2797.921754	2.2676	0.231	1	0.759828571	0.240171429
5885.5	2805.98389	2.3184	0.24	0.972438168	0.714285714	0.285714286
5886	2833.688164	2.3184	0.228	1	0.654464286	0.345535714
5886.5	2850.249677	2.293	0.215	1	0.658035714	0.341964286
5887	2830.39893	2.2734	0.206	1	0.65	0.35
5887.5	2789.93135	2.2285	0.201	1	0.664285714	0.335714286
5888	2783.561644	2.209	0.21	1	0.594642857	0.405357143
5888.5	2772.471757	2.1816	0.219	1	0.666964286	0.333035714
5889	2769.323024	2.1953	0.211	1	0.636607143	0.363392857
5889.5	2764.62585	2.2246	0.237	0.943103043	0.616071429	0.383928571
5890	2767.763905	2.2305	0.236	0.94308325	0.56875	0.43125
5890.5	2761.494904	2.2246	0.238	0.933573009	0.669642857	0.330357143
5891	2763.046966	2.2168	0.219	0.991750105	0.752685714	0.247314286
5891.5	2767.763905	2.2383	0.225	0.967846781	0.760714286	0.239285714
5892	2780.387685	2.2773	0.24	0.9205751	0.649107143	0.350892857
5892.5	2778.790752	2.3008	0.249	0.89472311	0.516964286	0.483035714
5893	2772.471757	2.3008	0.234	0.93843738	0.485714286	0.514285714
5893.5	2781.961063	2.2383	0.205	1	0.575	0.425
5894	2797.921754	2.2246	0.199	1	0.684821429	0.315178571
5894.5	2796.330275	2.2285	0.207	1	0.752685714	0.247314286
5895	2804.357427	2.2539	0.226	0.97443762	0.741071429	0.258928571
5895.5	2817.318002	2.2734	0.237	0.941810001	0.728571429	0.271428571
5896	2815.704388	2.25	0.231	0.963041365	0.691964286	0.308035714
5896.5	2827.117324	2.2109	0.235	0.952914595	0.691964286	0.308035714
5897	2833.688164	2.1777	0.228	0.978867674	0.623214286	0.376785714
5897.5	2823.843317	2.1914	0.222	1	0.5625	0.4375
5898	2825.492468	2.2441	0.212	1	0.576785714	0.423214286
5898.5	2814.06664	2.2617	0.222	1	0.633035714	0.366964286
5899	2812.456747	2.2324	0.234	0.972578724	0.743757143	0.256242857
5899.5	2805.98389	2.1836	0.245	0.94171823	0.725	0.275
5900	2802.758621	2.1445	0.23	0.990470052	0.767857143	0.232142857
5900.5	2802.758621	2.1094	0.244	0.94701981	0.666964286	0.333035714
5901	2796.330275	2.1348	0.239	0.962856715	0.661607143	0.338392857
5901.5	2805.98389	2.1328	0.247	0.939082238	0.596428571	0.403571429
5902	2810.822774	2.1621	0.226	1	0.626785714	0.373214286
5902.5	2830.39893	2.168	0.221	1	0.589285714	0.410714286
5903	2843.601896	2.2051	0.218	1	0.601785714	0.398214286
5903.5	2848.598131	2.2344	0.213	1	0.600892857	0.399107143
5904	2848.598131	2.2344	0.211	1	0.705357143	0.294642857
5904.5	2841.958042	2.2109	0.206	1	0.6875	0.3125
5905	2845.274212	2.168	0.217	1	0.691071429	0.308928571
5905.5	2843.601896	2.1426	0.219	1	0.666964286	0.333035714
5906	2850.249677	2.1855	0.228	0.9829171	0.708928571	0.291071429
5906.5	2855.269321	2.2324	0.223	0.996931512	0.739285714	0.260714286
5907	2863.638926	2.2695	0.241	0.935644045	0.752685714	0.247314286
5907.5	2858.616647	2.2324	0.228	0.97290032	0.758928571	0.241071429
5908	2858.616647	2.1836	0.222	0.989605309	0.7259	0.2741
5908.5	2846.921906	2.1797	0.218	1	0.694642857	0.305357143
5909	2840.28962	2.207	0.214	1	0.661607143	0.338392857
5909.5	2828.770302	2.2129	0.223	0.978394903	0.680357143	0.319642857
5910	2833.688164	2.1602	0.217	1	0.721428571	0.278571429
5910.5	2835.348837	2.1309	0.221	0.98809741	0.8	0.2
5911	2843.601896	2.166	0.217	1	0.816071429	0.183928571
5911.5	2828.770302	2.2109	0.206	1	0.795542857	0.204457143
5912	2828.770302	2.2051	0.203	1	0.826785714	0.173214286
5912.5	2827.117324	2.2148	0.2	1	0.817857143	0.182142857
5913	2833.688164	2.1777	0.217	1	0.825	0.175
5913.5	2838.649593	2.1895	0.226	0.98481487	0.7759	0.2241
5914	2851.929825	2.1816	0.227	0.982488662	0.7384	0.2616
5914.5	2845.274212	2.2148	0.225	0.990230351	0.677678571	0.322321429
5915	2843.601896	2.2129	0.218	1	0.65625	0.34375
5915.5	2861.971831	2.1387	0.216	1	0.714285714	0.285714286
5916	2846.921906	2.1113	0.216	1	0.7375	0.2625
5916.5	2855.269321	2.1426	0.222	0.980478186	0.728571429	0.271428571
5917	2845.274212	2.2246	0.227	0.959898029	0.705357143	0.294642857
5917.5	2853.585238	2.2422	0.228	0.952808476	0.672321429	0.327678571
5918	2872.084806	2.1621	0.228	0.949983241	0.710714286	0.289285714
5918.5	2883.960336	2.1309	0.226	0.954900328	0.739285714	0.260714286
5919	2887.375311	2.1211	0.215	0.990699555	0.843757143	0.156242857
5919.5	2877.154562	2.1504	0.202	1	0.843757143	0.156242857
5920	2870.380834	2.1582	0.199	1	0.845542857	0.154457143
5920.5	2843.601896	2.1484	0.197	1	0.755357143	0.244642857
5921	2832.055749	2.1602	0.203	1	0.635714286	0.364285714
5921.5	2836.985052	2.1738	0.211	1	0.504464286	0.495535714
5922	2838.649593	2.2148	0.221	0.97757621	0.423214286	0.576785714
5922.5	2841.958042	2.2422	0.218	0.991868563	0.435714286	0.564285714
5923	2848.598131	2.2207	0.21	1	0.50625	0.49375
5923.5	2853.585238	2.2051	0.211	1	0.575892857	0.424107143
5924	2863.638926	2.2227	0.205	1	0.670535714	0.329464286
5924.5	2863.638926	2.2695	0.216	1	0.683928571	0.316071429
5925	2863.638926	2.3223	0.206	1	0.697321429	0.302678571
5925.5	2856.928614	2.3125	0.212	1	0.699107143	0.300892857
5926	2841.958042	2.2949	0.216	1	0.683928571	0.316071429
5926.5	2833.688164	2.2676	0.228	0.996299419	0.723214286	0.276785714
5927	2822.222222	2.2344	0.242	0.956061047	0.724114286	0.275885714
5927.5	2828.770302	2.2129	0.235	0.982523524	0.7634	0.2366
5928	2823.843317	2.2148	0.227	1	0.7375	0.2625
5928.5	2807.586378	2.2207	0.214	1	0.717857143	0.282142857
5929	2810.822774	2.248	0.23	1	0.70625	0.29375
5929.5	2805.98389	2.2656	0.232	1	0.716971429	0.283028571
5930	2835.348837	2.3086	0.228	1	0.746428571	0.253571429
5930.5	2867.005916	2.3301	0.222	1	0.803571429	0.196428571
5931	2860.279834	2.3184	0.227	1	0.841971429	0.158028571
5931.5	2860.279834	2.2852	0.23	1	0.811614286	0.188385714
5932	2833.688164	2.252	0.235	1	0.772328571	0.227671429
5932.5	2796.330275	2.2344	0.228	1	0.794642857	0.205357143
5933	2777.220957	2.248	0.224	1	0.853571429	0.146428571
5933.5	2775.627658	2.2422	0.212	1	0.8884	0.1116
5934	2764.62585	2.2422	0.218	1	0.836614286	0.163385714
5934.5	2774.061433	2.2109	0.213	1	0.773214286	0.226785714
5935	2761.494904	2.2441	0.211	1	0.807142857	0.192857143
5935.5	2769.323024	2.2168	0.203	1	0.805357143	0.194642857
5936	2777.220957	2.2148	0.211	1	0.864285714	0.135714286
5936.5	2786.742857	2.1816	0.21	1	0.748214286	0.251785714
5937	2772.471757	2.1758	0.204	1	0.752685714	0.247314286
5937.5	2785.138617	2.1738	0.198	1	0.759828571	0.240171429
5938	2877.154562	2.1719	0.2	1	0.782142857	0.217857143
5938.5	2895.961995	2.1523	0.221	1	0.753571429	0.246428571
5939	2867.005916	2.1641	0.235	1	0.734828571	0.265171429
5939.5	2870.380834	2.209	0.238	1	0.771428571	0.228571429
5940	2772.471757	2.209	0.23	1	0.802685714	0.197314286
5940.5	2742.857143	2.1914	0.23	1	0.7875	0.2125
5941	2868.705882	2.1895	0.222	1	0.8009	0.1991
5941.5	2841.958042	2.2578	0.225	1	0.841971429	0.158028571
5942	2906.317044	2.2852	0.244	0.964239143	0.870542857	0.129457143
5942.5	2789.93135	2.2383	0.236	0.984168201	0.814285714	0.185714286
5943	2675.139111	2.209	0.222	1	0.795542857	0.204457143
5943.5	2648.9836	2.1172	0.229	1	0.751785714	0.248214286
5944	2704.81329	2.0742	0.226	1	0.747328571	0.252671429
5944.5	2766.181435	2.082	0.229	1	0.740185714	0.259814286
5945	2801.135894	2.1934	0.219	1	0.760714286	0.239285714
5945.5	2772.471757	2.2832	0.235	0.984790104	0.742857143	0.257142857
5946	2756.799291	2.3125	0.228	1	0.741971429	0.258028571
5946.5	2764.62585	2.2285	0.227	1	0.700892857	0.299107143
5947	2820.576886	2.1719	0.217	1	0.759828571	0.240171429
5947.5	2833.688164	2.1523	0.211	1	0.764285714	0.235714286
5948	2882.269504	2.1953	0.222	1	0.830357143	0.169642857
5948.5	2848.598131	2.2148	0.22	1	0.925	0.075
5949	2804.357427	2.2109	0.22	1	0.932142857	0.067857143
5949.5	2791.515551	2.252	0.217	1	0.8259	0.1741
5950	2750.579806	2.252	0.215	1	0.720542857	0.279457143
5950.5	2763.046966	2.168	0.213	1	0.658928571	0.341071429
5951	2761.494904	2.125	0.204	1	0.717857143	0.282142857
5951.5	2766.181435	2.1016	0.217	1	0.726785714	0.273214286
5952	2772.471757	2.1074	0.222	1	0.727685714	0.272314286
5952.5	2815.704388	2.0566	0.225	1	0.720542857	0.279457143
5953	2851.929825	2.0742	0.215	1	0.70625	0.29375
5953.5	2904.572224	2.1367	0.221	1	0.720542857	0.279457143
5954	2883.960336	2.2227	0.217	1	0.711607143	0.288392857
5954.5	2851.929825	2.2402	0.216	1	0.725	0.275
5955	2838.649593	2.2285	0.218	1	0.766971429	0.233028571
5955.5	2805.98389	2.1895	0.225	1	0.809828571	0.190171429
5956	2807.586378	2.209	0.232	0.996380934	0.816971429	0.183028571
5956.5	2793.127148	2.2266	0.219	1	0.777685714	0.222314286
5957	2810.822774	2.2363	0.219	1	0.780357143	0.219642857
5957.5	2909.785203	2.2617	0.218	1	0.793757143	0.206242857
5958	2937.831325	2.209	0.237	0.958531709	0.791071429	0.208928571
5958.5	3025.310174	2.1133	0.231	0.97299387	0.796428571	0.203571429
5959	2955.636364	2.041	0.234	0.959725102	0.779471429	0.220528571
5959.5	2883.960336	2.0664	0.217	1	0.841071429	0.158928571
5960	2848.598131	2.2246	0.222	0.994522035	0.829471429	0.170528571
5960.5	2801.135894	2.3145	0.209	1	0.816971429	0.183028571
5961	2709.333333	2.2773	0.207	1	0.767857143	0.232142857
5961.5	2783.561644	2.2285	0.208	1	0.769642857	0.230357143
5962	2799.540758	2.2813	0.225	0.978742249	0.764285714	0.235714286
5962.5	2759.919593	2.3262	0.236	0.941996905	0.7875	0.2125
5963	2793.127148	2.3203	0.236	0.940515202	0.7384	0.2616
5963.5	2610.706638	2.2949	0.232	0.951482495	0.7125	0.2875
5964	2543.964344	2.2793	0.229	0.95912219	0.653571429	0.346428571
5964.5	2763.046966	2.3145	0.223	0.976628596	0.671428571	0.328571429
5965	3126.153846	2.3223	0.229	0.954624503	0.680357143	0.319642857
5965.5	3434.366197	2.3301	0.227	0.956796349	0.716071429	0.283928571
5966	3456.272147	2.2969	0.22	0.97080267	0.7	0.3
5966.5	3072.967864	2.2891	0.229	0.932479544	0.751785714	0.248214286
5967	2899.40547	2.3145	0.228	0.927021966	0.707142857	0.292857143
5967.5	2780.387685	2.3555	0.238	0.887998139	0.723214286	0.276785714
5968	2927.2509	2.3418	0.219	0.937551659	0.649107143	0.350892857
5968.5	2927.2509	2.2266	0.213	0.948697468	0.669642857	0.330357143
5969	2975.458326	2.168	0.201	0.984874902	0.709821429	0.290178571
5969.5	2991.90184	2.1641	0.203	0.971229147	0.793757143	0.206242857
5970	2877.154562	2.2734	0.208	0.947265357	0.835714286	0.164285714
5970.5	2836.985052	2.2129	0.212	0.929578254	0.830357143	0.169642857
5971	2802.758621	2.1426	0.222	0.895630196	0.796428571	0.203571429
5971.5	2805.98389	2.1035	0.212	0.926403943	0.748214286	0.251785714
5972	2833.688164	2.127	0.209	0.935188132	0.680357143	0.319642857
5972.5	2823.843317	2.1797	0.197	0.978057942	0.672321429	0.327678571
5973	2825.492468	2.1934	0.208	0.937318519	0.739285714	0.260714286
5973.5	2822.222222	2.2402	0.203	0.954370132	0.784828571	0.215171429
5974	2817.318002	2.2109	0.206	0.944235171	0.791071429	0.208928571
5974.5	2820.576886	2.1738	0.205	0.948529349	0.729471429	0.270528571
5975	2818.959538	2.1582	0.213	0.921706836	0.7375	0.2625
5975.5	2817.318002	2.1992	0.215	0.918043534	0.735714286	0.264285714
5976	2820.576886	2.2656	0.213	0.929145687	0.760714286	0.239285714
5976.5	2835.348837	2.2168	0.211	0.940490153	0.745542857	0.254457143
5977	2836.985052	2.1543	0.209	0.953140579	0.7509	0.2491
5977.5	2838.649593	2.1563	0.212	0.950724942	0.751785714	0.248214286
5978	2840.28962	2.1934	0.214	0.952010371	0.7759	0.2241
5978.5	2828.770302	2.2578	0.213	0.963823031	0.795542857	0.204457143
5979	2832.055749	2.2422	0.212	0.975854643	0.806257143	0.193742857
5979.5	2828.770302	2.2813	0.216	0.970547293	0.759828571	0.240171429
5980	2894.229582	2.2734	0.214	0.986462337	0.660714286	0.339285714
5980.5	2914.98905	2.2441	0.217	0.982345297	0.665178571	0.334821429
5981	2925.480862	2.209	0.213	1	0.670535714	0.329464286
5981.5	2925.480862	2.2129	0.221	0.979932134	0.741071429	0.258928571
5982	2856.928614	2.2402	0.223	0.977733797	0.728571429	0.271428571
5982.5	2828.770302	2.2207	0.228	0.964484565	0.75	0.25
5983	2823.843317	2.207	0.225	0.977742759	0.75	0.25
5983.5	2901.116473	2.1934	0.228	0.970695894	0.75	0.25
5984	2988.235294	2.2344	0.228	0.9716253	0.75	0.25
5984.5	2997.403823	2.2344	0.235	0.950173278	0.75	0.25
5985	3010.37037	2.1797	0.235	0.951086532	0.75	0.25
5985.5	2944.927536	2.1074	0.229	0.969304902	0.75	0.25
5986	2892.52669	2.1484	0.226	0.97812039	0.75	0.25
5986.5	2939.587995	2.2129	0.221	0.994026237	0.75	0.25
5987	2975.458326	2.252	0.222	0.98955518	0.75	0.25
5987.5	2984.577723	2.207	0.228	0.968480839	0.75	0.25
5988	2984.577723	2.1875	0.233	0.951495454	0.75	0.25
5988.5	2952.058111	2.1641	0.242	0.923443276	0.75	0.25
5989	2928.994936	2.1094	0.239	0.932067969	0.75	0.25
5989.5	2925.480862	2.082	0.235	0.943971012	0.75	0.25
5990	2936.048472	2.0957	0.231	0.956264664	0.75	0.25
5990.5	2937.831325	2.2227	0.226	0.972533076	0.75	0.25
5991	2995.577396	2.3496	0.225	0.975878807	0.75	0.25
5991.5	2991.90184	2.3926	0.225	0.975898013	0.75	0.25
5992	3015.940552	2.2402	0.225	0.977046006	0.75	0.25
5992.5	3014.091471	2.1309	0.225	0.978486174	0.75	0.25
5993	3006.658446	2.1055	0.225	0.979930569	0.75	0.25
5993.5	2986.390759	2.1855	0.225	0.980973635	0.75	0.25
5994	2980.929095	2.2656	0.225	0.981633218	0.75	0.25
5994.5	3017.821782	2.3633	0.225	0.98229631	0.75	0.25
5995	3021.561338	2.3594	0.225	0.982714422	0.75	0.25
5995.5	3010.37037	2.3164	0.225	0.982335485	0.75	0.25
5996	3108.221797	2.2598	0.225	0.981956987	0.75	0.25
5996.5	3051.814768	2.2266	0.225	0.981581098	0.75	0.25
5997	3001.092918	2.207	0.225	0.979973783	0.75	0.25
5997.5	2973.658537	2.1699	0.225	0.978318436	0.75	0.25
5998	2906.317044	2.0957	0.226	0.973342154	0.75	0.25